0 0.7641882183908046 0.16606800766283525 0.4701867816091954 0.3139367816091954
0 0.8432112068965517 0.2217432950191571 0.27370689655172414 0.4454022988505747
0 0.7747844827586207 0.5630986590038314 0.3530890804597701 0.4897030651340996
0 0.12446120689655173 0.3505747126436782 0.24748563218390804 0.4707854406130268
0 0.24568965517241378 0.18726053639846743 0.23419540229885058 0.3726053639846743
0 0.4411817528735632 0.11099137931034483 0.29364224137931033 0.22006704980842912
0 0.43633261494252873 0.3314176245210728 0.2315014367816092 0.42049808429118773
0 0.19136135057471265 0.6217672413793104 0.30513649425287354 0.47389846743295017
0 0.41783405172413796 0.6716954022988506 0.38523706896551724 0.4003831417624521
0 0.09949712643678162 0.9179837164750958 0.1221264367816092 0.1621168582375479
