0 0.49335488505747127 0.5587883141762452 0.36853448275862066 0.4375
0 0.47539511494252873 0.4850335249042146 0.3692528735632184 0.45234674329501917
0 0.5893498563218391 0.1597222222222222 0.38451867816091956 0.321360153256705
0 0.725305316091954 0.7555076628352491 0.234375 0.4875478927203065
0 0.37248563218390807 0.9069683908045977 0.2819683908045977 0.18654214559386972
0 0.14071479885057472 0.33273467432950193 0.234375 0.3843390804597701
0 0.026400862068965518 0.4419300766283525 0.052801724137931036 0.30962643678160917
0 0.2192887931034483 0.7296455938697318 0.16882183908045978 0.5373563218390804
0 0.12419181034482758 0.6279932950191571 0.24838362068965517 0.6309865900383141
0 0.08890086206896551 0.9019396551724138 0.17780172413793102 0.19133141762452108
