0 0.09653376436781609 0.3497365900383142 0.19127155172413793 0.6994731800766284
0 0.8635057471264368 0.5682471264367817 0.2711925287356322 0.18342911877394635
0 0.8115122126436781 0.39056513409961685 0.37517959770114945 0.3031609195402299
0 0.6880387931034483 0.8109434865900383 0.12428160919540229 0.20809386973180077
0 0.3327945402298851 0.7705938697318008 0.27945402298850575 0.2413793103448276
0 0.2920258620689655 0.5812978927203065 0.16235632183908047 0.14487547892720307
0 0.3885596264367816 0.40301724137931033 0.17726293103448276 0.12260536398467432
0 0.5260416666666666 0.8020833333333334 0.4188218390804598 0.37907088122605365
0 0.5255028735632183 0.28639846743295017 0.24892241379310345 0.4861111111111111
0 0.787805316091954 0.7422174329501916 0.2756824712643678 0.5112547892720306
0 0.818426724137931 0.9644396551724138 0.17169540229885058 0.0668103448275862
0 0.47701149425287354 0.5748323754789272 0.4586925287356322 0.31537356321839083
0 0.4756645114942529 0.9361829501915708 0.2947198275862069 0.12428160919540229
