0 0.14646192528735633 0.32243773946360155 0.28933189655172414 0.40445402298850575
0 0.11907327586206896 0.7590996168582376 0.23814655172413793 0.38697318007662834
0 0.6954022988505747 0.6245210727969349 0.37679597701149425 0.5023946360153256
0 0.8981681034482759 0.6487068965517241 0.20007183908045978 0.6202107279693486
0 0.8558728448275862 0.21635536398467434 0.28466235632183906 0.430316091954023
0 0.6822916666666666 0.18666187739463602 0.30423850574712646 0.37332375478927204
0 0.7112068965517241 0.8657806513409961 0.24102011494252873 0.26556513409961685
0 0.6051544540229885 0.8755986590038314 0.12374281609195402 0.2406609195402299
0 0.15391522988505746 0.951867816091954 0.09949712643678162 0.09051724137931035
0 0.07489224137931035 0.9376197318007663 0.14798850574712644 0.11661877394636015
