0 0.9326508620689655 0.63852969348659 0.13290229885057472 0.43127394636015326
1 0.7525143678160919 0.7109674329501916 0.4931752873563218 0.3510536398467433
0 0.774066091954023 0.37308429118773945 0.44647988505747127 0.38936781609195403
0 0.8652119252873564 0.2216235632183908 0.26598419540229884 0.4384578544061303
0 0.3859554597701149 0.289272030651341 0.37823275862068967 0.35823754789272033
0 0.5125718390804598 0.2413793103448276 0.3459051724137931 0.38697318007662834
0 0.6792385057471264 0.23359674329501914 0.19935344827586207 0.2756226053639847
0 0.16038074712643677 0.24736590038314177 0.32076149425287354 0.4228927203065134
0 0.050736350574712645 0.9475574712643678 0.10147270114942529 0.09578544061302682
0 0.5287356321839081 0.11015325670498084 0.4105603448275862 0.22030651340996169
0 0.18148347701149425 0.10895593869731801 0.18157327586206898 0.21791187739463602
