0 0.736260775862069 0.14930555555555555 0.5274784482758621 0.2986111111111111
1 0.09321120689655173 0.3226772030651341 0.1839080459770115 0.601772030651341
0 0.3333333333333333 0.33261494252873564 0.4396551724137931 0.2672413793103448
1 0.4365122126436782 0.44803639846743293 0.3741020114942529 0.3314176245210728
1 0.2954382183908046 0.10476532567049808 0.2765804597701149 0.20330459770114942
0 0.5862068965517241 0.9644396551724138 0.16415229885057472 0.06585249042145594
0 0.3394396551724138 0.9613266283524904 0.2801724137931034 0.07207854406130268
0 0.0703125 0.9816810344827587 0.051544540229885055 0.031369731800766285
0 0.03636853448275862 0.6485871647509579 0.07273706896551724 0.4470785440613027
0 0.23617097701149425 0.12272509578544061 0.41379310344827586 0.24209770114942528
