0 0.5003591954022989 0.6095545977011494 0.34123563218390807 0.2717911877394636
0 0.4516882183908046 0.601772030651341 0.20007183908045978 0.5205938697318008
0 0.28160919540229884 0.5803400383141762 0.23347701149425287 0.5035919540229885
0 0.5686961206896551 0.3102250957854406 0.1909123563218391 0.5313697318007663
0 0.7219827586206896 0.2222222222222222 0.38936781609195403 0.44300766283524906
0 0.14960488505747127 0.23239942528735633 0.29920977011494254 0.31537356321839083
0 0.38200431034482757 0.21252394636015326 0.23706896551724138 0.42648467432950193
0 0.10677083333333333 0.8755986590038314 0.21354166666666666 0.24736590038314177
0 0.7919360632183908 0.9313936781609196 0.20923132183908047 0.13386015325670497
0 0.8558728448275862 0.15648946360153257 0.28717672413793105 0.3115421455938697
0 0.1812140804597701 0.057590996168582376 0.1569683908045977 0.11518199233716475
0 0.0397808908045977 0.6496647509578544 0.07848419540229885 0.24808429118773948
0 0.022180316091954023 0.43797892720306514 0.044360632183908046 0.17049808429118773
0 0.05531609195402299 0.04346264367816092 0.11063218390804598 0.08836206896551724
0 0.9775502873563219 0.9530651340996169 0.04130747126436782 0.09243295019157088
0 0.9166666666666666 0.6078783524904214 0.1655890804597701 0.5735153256704981
