0 0.889996408045977 0.6784003831417624 0.21605603448275862 0.585727969348659
0 0.8872126436781609 0.6728927203065134 0.22306034482758622 0.5847701149425287
0 0.4817708333333333 0.46036877394636017 0.43408764367816094 0.29238505747126436
1 0.461566091954023 0.6326628352490421 0.47054597701149425 0.4454022988505747
0 0.7539511494252874 0.5213122605363985 0.31429597701149425 0.28160919540229884
0 0.9130747126436781 0.32387452107279696 0.1713362068965517 0.1788793103448276
0 0.6751975574712644 0.21755268199233715 0.48832614942528735 0.3125
0 0.40014367816091956 0.17097701149425287 0.27729885057471265 0.3366858237547893
0 0.5387931034482759 0.031609195402298854 0.15373563218390804 0.06130268199233716
0 0.8578484195402298 0.07950191570881227 0.2828663793103448 0.15708812260536398
0 0.6411637931034483 0.06812739463601533 0.18714080459770116 0.13098659003831417
