0 0.022270114942528736 0.8815852490421456 0.03987068965517242 0.09985632183908046
0 0.6816630747126436 0.05316091954022988 0.13020833333333334 0.10009578544061302
0 0.8077406609195402 0.12978927203065135 0.36332614942528735 0.2533524904214559
0 0.062140804597701146 0.5002394636015326 0.12176724137931035 0.23132183908045978
0 0.35757902298850575 0.7667624521072797 0.1853448275862069 0.31417624521072796
0 0.2379669540229885 0.21336206896551724 0.20869252873563218 0.42337164750957856
0 0.11907327586206896 0.5979406130268199 0.23563218390804597 0.27346743295019155
0 0.18354885057471265 0.7768199233716475 0.18642241379310345 0.3314176245210728
0 0.13595545977011494 0.9551005747126436 0.2672413793103448 0.08453065134099617
0 0.35290948275862066 0.9042145593869731 0.23204022988505746 0.18295019157088122
0 0.4355244252873563 0.12188697318007663 0.3387212643678161 0.23754789272030652
0 0.8833512931034483 0.4665948275862069 0.2286278735632184 0.4580938697318008
0 0.26320043103448276 0.46491858237547895 0.1980962643678161 0.3704501915708812
0 0.21273347701149425 0.7308429118773946 0.34823994252873564 0.18917624521072796
0 0.5199353448275862 0.8299808429118773 0.2216235632183908 0.33764367816091956
1 0.548132183908046 0.2743055555555556 0.2848419540229885 0.20474137931034483
