0 0.22593390804597702 0.6950431034482759 0.21551724137931033 0.6065613026819924
0 0.36584051724137934 0.7939415708812261 0.17277298850574713 0.40684865900383144
0 0.7228807471264368 0.7582614942528736 0.2237787356321839 0.4791666666666667
0 0.8890086206896551 0.8826628352490421 0.21623563218390804 0.23275862068965517
0 0.5273886494252874 0.8301005747126436 0.2192887931034483 0.33548850574712646
0 0.6137751436781609 0.10213122605363985 0.28789511494252873 0.20665708812260536
0 0.6578663793103449 0.31872605363984674 0.40014367816091956 0.2289272030651341
0 0.8384518678160919 0.07375478927203065 0.19306752873563218 0.13984674329501914
0 0.47126436781609193 0.3727250957854406 0.25610632183908044 0.5634578544061303
0 0.3983477011494253 0.4579741379310345 0.25 0.4734195402298851
