0 0.9322018678160919 0.027298850574712645 0.13380028735632185 0.05699233716475096
0 0.3755387931034483 0.18318965517241378 0.2442528735632184 0.36877394636015326
0 0.6540050287356322 0.13397988505747127 0.3766163793103448 0.2689176245210728
0 0.5185883620689655 0.14547413793103448 0.2182112068965517 0.29094827586206895
0 0.7618534482758621 0.04394157088122606 0.15517241379310345 0.08788314176245211
0 0.8904454022988506 0.1788793103448276 0.21731321839080459 0.3577586206896552
0 0.15229885057471265 0.1460727969348659 0.3045977011494253 0.28975095785440613
0 0.9605783045977011 0.8672174329501916 0.07704741379310345 0.15732758620689655
0 0.7623024425287356 0.7774185823754789 0.22288074712643677 0.4408524904214559
0 0.5621408045977011 0.6424808429118773 0.19216954022988506 0.5421455938697318
0 0.43830818965517243 0.5391522988505747 0.18193247126436782 0.3010057471264368
0 0.11144037356321838 0.6815134099616859 0.22288074712643677 0.6101532567049809
0 0.15975215517241378 0.7210249042145593 0.26742097701149425 0.4592911877394636
0 0.33423132183908044 0.49461206896551724 0.23204022988505746 0.5854885057471264
0 0.06546336206896551 0.5731561302681992 0.13092672413793102 0.5174808429118773
0 0.9480962643678161 0.9729406130268199 0.10021551724137931 0.05363984674329502
