0 0.28565014367816094 0.8481800766283525 0.25341235632183906 0.3017241379310345
0 0.4781788793103448 0.8025622605363985 0.4006824712643678 0.23587164750957854
0 0.39349856321839083 0.2282088122605364 0.1598419540229885 0.34626436781609193
0 0.3720366379310345 0.2455699233716475 0.29651580459770116 0.19420498084291188
0 0.4524066091954023 0.04190613026819923 0.24892241379310345 0.08381226053639847
0 0.5911458333333334 0.0850095785440613 0.3324353448275862 0.1700191570881226
0 0.4191810344827586 0.5126915708812261 0.27586206896551724 0.25862068965517243
0 0.45061063218390807 0.4193007662835249 0.2507183908045977 0.3065134099616858
1 0.6002155172413793 0.4198994252873563 0.16343390804597702 0.4949712643678161
0 0.6891163793103449 0.5288553639846744 0.1221264367816092 0.25263409961685823
0 0.02244971264367816 0.1527777777777778 0.04310344827586207 0.2672413793103448
