0 0.8256106321839081 0.06800766283524905 0.3484195402298851 0.13409961685823754
0 0.5466954022988506 0.08560823754789272 0.14834770114942528 0.17121647509578544
0 0.2143498563218391 0.08560823754789272 0.2670617816091954 0.17121647509578544
0 0.1079382183908046 0.27801724137931033 0.21695402298850575 0.3649425287356322
0 0.04193606321839081 0.0980603448275862 0.08494971264367816 0.19755747126436782
0 0.42313218390804597 0.15636973180076627 0.23275862068965517 0.31417624521072796
0 0.3410560344827586 0.2939415708812261 0.3538074712643678 0.30387931034482757
0 0.10847701149425287 0.7225814176245211 0.2158764367816092 0.5352011494252874
1 0.7106681034482759 0.5665708812260536 0.41487068965517243 0.23132183908045978
0 0.6048850574712644 0.8812260536398467 0.35021551724137934 0.23371647509578544
