0 0.7992097701149425 0.6550526819923371 0.2180316091954023 0.4078065134099617
0 0.9108297413793104 0.5918342911877394 0.1783405172413793 0.4988026819923372
0 0.46174568965517243 0.617816091954023 0.22018678160919541 0.39272030651340994
0 0.12589798850574713 0.5444204980842912 0.25179597701149425 0.4743773946360153
0 0.17376077586206898 0.7666427203065134 0.34752155172413796 0.33165708812260536
0 0.5984195402298851 0.7638888888888888 0.18139367816091953 0.4621647509578544
0 0.8552442528735632 0.18618295019157088 0.28735632183908044 0.3670977011494253
0 0.772180316091954 0.7890325670498084 0.15786637931034483 0.2543103448275862
0 0.8980783045977011 0.8779932950191571 0.19773706896551724 0.233955938697318
0 0.6161997126436781 0.4790469348659004 0.20294540229885058 0.34650383141762453
0 0.6605603448275862 0.47713122605363983 0.17744252873563218 0.37236590038314177
0 0.24775502873563218 0.17337164750957854 0.3180675287356322 0.3438697318007663
0 0.7920258620689655 0.1643917624521073 0.28125 0.32351532567049807
0 0.049479166666666664 0.3975095785440613 0.09680316091954023 0.15086206896551724
0 0.3175287356321839 0.5403496168582376 0.1968390804597701 0.22150383141762453
0 0.27469468390804597 0.7142001915708812 0.21497844827586207 0.24880268199233715
0 0.08001077586206896 0.9419300766283525 0.1499640804597701 0.11135057471264367
0 0.23500359195402298 0.8957136015325671 0.1661278735632184 0.1985153256704981
0 0.1299389367816092 0.6585249042145593 0.07022270114942529 0.05842911877394636
0 0.6285021551724138 0.0217911877394636 0.20492097701149425 0.0435823754789272
