0 0.08899066091954023 0.3845785440613027 0.17798132183908047 0.25862068965517243
0 0.27227011494252873 0.11506226053639847 0.1724137931034483 0.23012452107279693
0 0.5211027298850575 0.8679358237547893 0.203125 0.25981800766283525
0 0.3760775862068966 0.8649425287356322 0.3261494252873563 0.23946360153256704
0 0.23320761494252873 0.8439894636015326 0.12302442528735633 0.11853448275862069
0 0.33827227011494254 0.9577346743295019 0.18229166666666666 0.0778256704980843
0 0.4914691091954023 0.4492337164750958 0.2552083333333333 0.3184865900383142
0 0.6963900862068966 0.2695162835249042 0.2983117816091954 0.3857758620689655
0 0.8472521551724138 0.4966475095785441 0.19234913793103448 0.4564176245210728
0 0.6198814655172413 0.6564894636015326 0.29651580459770116 0.2013888888888889
0 0.7349137931034483 0.509698275862069 0.10237068965517242 0.25981800766283525
0 0.5579202586206896 0.19887452107279693 0.15463362068965517 0.39774904214559387
0 0.7475754310344828 0.05028735632183908 0.2677801724137931 0.10057471264367816
0 0.5116738505747126 0.019157088122605363 0.04956896551724138 0.038314176245210725
0 0.3961925287356322 0.6517001915708812 0.15086206896551724 0.2828065134099617
0 0.3796695402298851 0.6552921455938697 0.27586206896551724 0.2085727969348659
