0 0.27631106321839083 0.16894157088122605 0.18767959770114942 0.3378831417624521
0 0.3764367816091954 0.7768199233716475 0.1598419540229885 0.4468390804597701
1 0.5498383620689655 0.6151819923371648 0.16181752873563218 0.42768199233716475
0 0.8189655172413793 0.2509578544061303 0.3602729885057471 0.21455938697318008
1 0.8294719827586207 0.3459051724137931 0.3396192528735632 0.43366858237547895
0 0.8050466954022989 0.9481561302681992 0.32165948275862066 0.10416666666666667
0 0.06645114942528736 0.08800287356321838 0.13110632183908047 0.17121647509578544
0 0.9874281609195402 0.9313936781609196 0.02514367816091954 0.1352969348659004
0 0.9874281609195402 0.40433429118773945 0.02514367816091954 0.05148467432950191
0 0.9533045977011494 0.013170498084291188 0.09159482758620689 0.026340996168582376
