0 0.28735632183908044 0.08740421455938698 0.18785919540229884 0.17193486590038315
0 0.4608477011494253 0.10811781609195402 0.42313218390804597 0.21336206896551724
0 0.8248922413793104 0.23922413793103448 0.22988505747126436 0.4755747126436782
0 0.5048491379310345 0.6637931034482759 0.23419540229885058 0.4511494252873563
0 0.4135237068965517 0.51772030651341 0.18911637931034483 0.3453065134099617
0 0.3474317528735632 0.47054597701149425 0.1470905172413793 0.4224137931034483
0 0.20896192528735633 0.7447318007662835 0.2609554597701149 0.26053639846743293
0 0.1584051724137931 0.5441810344827587 0.3125 0.20330459770114942
0 0.5607040229885057 0.2950191570881226 0.2984913793103448 0.24042145593869732
0 0.6675646551724138 0.8227969348659003 0.20725574712643677 0.3481800766283525
0 0.2336566091954023 0.9258860153256705 0.34698275862068967 0.14200191570881227
0 0.08970905172413793 0.8219588122605364 0.17295258620689655 0.22341954022988506
0 0.04346264367816092 0.7648467432950191 0.08477011494252873 0.3065134099616858
0 0.14879669540229884 0.15828544061302682 0.1945043103448276 0.3136973180076628
0 0.03708692528735632 0.289272030651341 0.07632902298850575 0.39798850574712646
0 0.03529094827586207 0.052083333333333336 0.06770833333333333 0.0988984674329502
