0 0.4040948275862069 0.7982519157088123 0.3114224137931034 0.40301724137931033
0 0.4916487068965517 0.8047174329501916 0.20348419540229884 0.38625478927203066
0 0.16711566091954022 0.7879549808429118 0.22467672413793102 0.4221743295019157
0 0.35704022988505746 0.6635536398467433 0.2273706896551724 0.38362068965517243
0 0.1917205459770115 0.18438697318007663 0.2052801724137931 0.36637931034482757
0 0.4447737068965517 0.18570402298850575 0.29723419540229884 0.3690134099616858
0 0.19270833333333334 0.4600095785440613 0.3854166666666667 0.25383141762452105
0 0.7627514367816092 0.3633860153256705 0.2349137931034483 0.24401340996168583
0 0.7646372126436781 0.18881704980842912 0.3166307471264368 0.37763409961685823
1 0.5960847701149425 0.4513888888888889 0.20977011494252873 0.5804597701149425
0 0.7790948275862069 0.8393199233716475 0.10955459770114942 0.3170498084291188
0 0.5895294540229885 0.09530651340996169 0.13739224137931033 0.1882183908045977
0 0.3586566091954023 0.30507662835249044 0.26544540229885055 0.6101532567049809
