0 0.5724676724137931 0.532926245210728 0.21210488505747127 0.3369252873563218
1 0.5961745689655172 0.5484913793103449 0.3173491379310345 0.17792145593869732
0 0.3529992816091954 0.27837643678160917 0.1740301724137931 0.42840038314176243
0 0.3409662356321839 0.4512691570881226 0.2526939655172414 0.266044061302682
0 0.1640625 0.5440613026819924 0.19234913793103448 0.37883141762452105
0 0.7228807471264368 0.6643917624521073 0.3239942528735632 0.17792145593869732
0 0.11063218390804598 0.21048850574712644 0.1997126436781609 0.4209770114942529
0 0.9071479885057471 0.7816091954022989 0.1839080459770115 0.4295977011494253
0 0.4302262931034483 0.7632902298850575 0.16397270114942528 0.4638409961685824
0 0.2725395114942529 0.828544061302682 0.2038433908045977 0.335727969348659
0 0.7219827586206896 0.17780172413793102 0.24604885057471265 0.35560344827586204
0 0.04597701149425287 0.5108955938697318 0.08872126436781609 0.37907088122605365
0 0.02029454022988506 0.22258141762452108 0.03556034482758621 0.09841954022988506
0 0.04184626436781609 0.06740900383141762 0.08189655172413793 0.13050766283524903
