0 0.33674568965517243 0.6108716475095786 0.1896551724137931 0.507183908045977
0 0.5102370689655172 0.5271791187739464 0.2130028735632184 0.5457375478927203
1 0.7279094827586207 0.4954501915708812 0.22988505747126436 0.6039272030651341
0 0.6484375 0.4583333333333333 0.1804956896551724 0.5694444444444444
0 0.8265086206896551 0.5313697318007663 0.24461206896551724 0.4774904214559387
0 0.9172054597701149 0.3032806513409962 0.1619971264367816 0.6041666666666666
0 0.7725395114942529 0.054477969348659006 0.296875 0.10416666666666667
0 0.4078663793103448 0.4006226053639847 0.2036637931034483 0.2629310344827586
0 0.3604525862068966 0.15433429118773948 0.19432471264367815 0.30387931034482757
0 0.17717313218390804 0.2765804597701149 0.2875359195402299 0.5483716475095786
0 0.9084051724137931 0.5991379310344828 0.059985632183908046 0.05699233716475096
0 0.5757004310344828 0.9160680076628352 0.3213002873563218 0.16403256704980843
