1 0.4460308908045977 0.3306992337164751 0.29651580459770116 0.6580459770114943
0 0.10605244252873564 0.9027777777777778 0.21210488505747127 0.18917624521072796
0 0.05567528735632184 0.021910919540229886 0.09482758620689655 0.04046934865900383
0 0.9120869252873564 0.17744252873563218 0.17582614942528735 0.35153256704980845
0 0.8654813218390804 0.5923132183908046 0.2661637931034483 0.40014367816091956
0 0.9337284482758621 0.9226532567049809 0.12535919540229884 0.1518199233716475
0 0.8363864942528736 0.6057231800766284 0.32004310344827586 0.5361590038314177
0 0.46695402298850575 0.8761973180076629 0.2708333333333333 0.24233716475095785
0 0.6515804597701149 0.2273706896551724 0.27801724137931033 0.44851532567049807
0 0.8432112068965517 0.28879310344827586 0.3081896551724138 0.3625478927203065
0 0.25116738505747127 0.4940134099616858 0.44665948275862066 0.6159003831417624
0 0.617816091954023 0.6033285440613027 0.30136494252873564 0.7377873563218391
1 0.23123204022988506 0.7565852490421456 0.29651580459770116 0.4815613026819923
0 0.7519755747126436 0.8645833333333334 0.2708333333333333 0.2689176245210728
