0 0.7853807471264368 0.12308429118773946 0.3297413793103448 0.24856321839080459
0 0.9718929597701149 0.12535919540229884 0.05298132183908046 0.24401340996168583
0 0.3977191091954023 0.07519157088122605 0.33638649425287354 0.14798850574712644
0 0.15921336206896552 0.13242337164750959 0.3130387931034483 0.25622605363984674
0 0.03852370689655173 0.19947318007662834 0.07704741379310345 0.38553639846743293
0 0.09904813218390805 0.3996647509578544 0.19055316091954022 0.29932950191570884
0 0.10856681034482758 0.7412595785440613 0.2153376436781609 0.35560344827586204
0 0.4191810344827586 0.8958333333333334 0.11925287356321838 0.20114942528735633
0 0.4739583333333333 0.9318726053639846 0.11602011494252873 0.1314655172413793
0 0.4929058908045977 0.24078065134099616 0.3098060344827586 0.23874521072796934
0 0.29085847701149425 0.5539990421455939 0.14744971264367815 0.2085727969348659
0 0.5646551724137931 0.5112547892720306 0.4317528735632184 0.26484674329501917
0 0.5530711206896551 0.5578304597701149 0.22288074712643677 0.5347222222222222
0 0.5206537356321839 0.5258620689655172 0.3538074712643678 0.3668582375478927
0 0.8570402298850575 0.8175287356321839 0.2543103448275862 0.36015325670498083
0 0.9605783045977011 0.8936781609195402 0.07704741379310345 0.20306513409961685
0 0.25188577586206895 0.3728448275862069 0.2932830459770115 0.5004789272030651
0 0.6458333333333334 0.02646072796934866 0.12176724137931035 0.05531609195402299
