0 0.6493354885057471 0.6239224137931034 0.3349497126436782 0.5112547892720306
0 0.5068247126436781 0.6295498084291188 0.35201149425287354 0.585727969348659
0 0.2827765804597701 0.6046455938697318 0.3723060344827586 0.46934865900383144
0 0.5086206896551724 0.4395354406130268 0.1257183908045977 0.16594827586206898
0 0.7297054597701149 0.12176724137931035 0.23239942528735633 0.2435344827586207
0 0.8719468390804598 0.1221264367816092 0.2535919540229885 0.24090038314176246
0 0.970635775862069 0.35799808429118773 0.05621408045977012 0.289272030651341
0 0.9480962643678161 0.7883141762452107 0.10021551724137931 0.39272030651340994
0 0.2429058908045977 0.24389367816091953 0.2465876436781609 0.48443486590038315
0 0.057830459770114945 0.30280172413793105 0.11206896551724138 0.49161877394636017
0 0.08477011494252873 0.05531609195402299 0.1684626436781609 0.11063218390804598
0 0.12302442528735633 0.3449473180076628 0.1867816091954023 0.5524425287356322
0 0.35596264367816094 0.025263409961685825 0.16666666666666666 0.05052681992337165
0 0.4842852011494253 0.18738026819923373 0.20851293103448276 0.3714080459770115
0 0.031698994252873564 0.7999281609195402 0.06232040229885057 0.12332375478927203
0 0.03142959770114943 0.9713840996168582 0.0617816091954023 0.05531609195402299
0 0.7531429597701149 0.953544061302682 0.3076508620689655 0.08764367816091954
