1 0.45716594827586204 0.7454501915708812 0.25017959770114945 0.5062260536398467
0 0.587823275862069 0.946360153256705 0.07255747126436782 0.09913793103448276
0 0.6841774425287356 0.8948754789272031 0.21677442528735633 0.1997126436781609
0 0.5702227011494253 0.5985392720306514 0.27155172413793105 0.4130747126436782
0 0.8474317528735632 0.853448275862069 0.22144396551724138 0.29022988505747127
0 0.9274425287356322 0.7982519157088123 0.14331896551724138 0.4006226053639847
0 0.8548850574712644 0.3249521072796935 0.28663793103448276 0.3275862068965517
0 0.8098060344827587 0.15385536398467434 0.3451867816091954 0.3077107279693487
0 0.4348958333333333 0.2065373563218391 0.40283764367816094 0.38338122605363983
0 0.6102729885057471 0.05579501915708812 0.4019396551724138 0.10919540229885058
