0 0.5381645114942529 0.07734674329501916 0.15463362068965517 0.15469348659003831
0 0.7126436781609196 0.12320402298850575 0.25035919540229884 0.2435344827586207
0 0.9344468390804598 0.11386494252873564 0.12895114942528735 0.12763409961685823
0 0.9527658045977011 0.23994252873563218 0.09015804597701149 0.18199233716475097
0 0.8689834770114943 0.07088122605363985 0.20635775862068967 0.1388888888888889
0 0.23042385057471265 0.12679597701149425 0.4630028735632184 0.2507183908045977
0 0.1981860632183908 0.5815373563218391 0.3985272988505747 0.2435344827586207
0 0.5161637931034483 0.7719109195402298 0.35129310344827586 0.40110153256704983
0 0.16217672413793102 0.8722461685823755 0.32435344827586204 0.2492816091954023
1 0.7405711206896551 0.5936302681992337 0.5167025862068966 0.3022030651340996
1 0.2640984195402299 0.3114224137931034 0.44917385057471265 0.3680555555555556
0 0.01391882183908046 0.30040708812260536 0.026760057471264368 0.0821360153256705
