0 0.2101293103448276 0.7525143678160919 0.4177442528735632 0.2813697318007663
0 0.49344468390804597 0.6718151340996169 0.37877155172413796 0.40445402298850575
0 0.26023706896551724 0.30352011494252873 0.14224137931034483 0.508860153256705
0 0.10255028735632184 0.40900383141762453 0.20402298850574713 0.5301724137931034
0 0.5981501436781609 0.4074473180076628 0.25377155172413796 0.3771551724137931
0 0.3849676724137931 0.11027298850574713 0.39888649425287354 0.22054597701149425
0 0.649066091954023 0.12488026819923372 0.22988505747126436 0.24832375478927204
0 0.8139367816091954 0.05100574712643678 0.13038793103448276 0.10201149425287356
0 0.788433908045977 0.7619731800766284 0.25251436781609193 0.47270114942528735
0 0.8778735632183908 0.6785201149425287 0.23958333333333334 0.5380747126436781
1 0.8920617816091954 0.5390325670498084 0.21336206896551724 0.5502873563218391
0 0.9412715517241379 0.3366858237547893 0.11386494252873564 0.467911877394636
0 0.2848419540229885 0.9299568965517241 0.11673850574712644 0.13673371647509577
0 0.4511494252873563 0.9112787356321839 0.27262931034482757 0.17696360153256704
0 0.5607938218390804 0.8772749042145593 0.4114583333333333 0.24018199233716475
0 0.03852370689655173 0.6900143678160919 0.07596982758620689 0.10608237547892721
