0 0.7615840517241379 0.023347701149425287 0.08961925287356322 0.04669540229885057
0 0.0795617816091954 0.049688697318007666 0.15804597701149425 0.09937739463601533
0 0.18112428160919541 0.07112068965517242 0.05190373563218391 0.14224137931034483
0 0.2821479885057471 0.11218869731800767 0.2640086206896552 0.22581417624521072
0 0.1015625 0.26412835249042144 0.20420258620689655 0.2753831417624521
0 0.13712284482758622 0.4710249042145594 0.27209051724137934 0.22557471264367815
0 0.05244252873563218 0.9081657088122606 0.10380747126436782 0.18223180076628354
0 0.6326329022988506 0.7920258620689655 0.26742097701149425 0.3484195402298851
1 0.5259518678160919 0.48192049808429116 0.22359913793103448 0.43558429118773945
0 0.16163793103448276 0.6749281609195402 0.32219827586206895 0.28424329501915707
