0 0.24182830459770116 0.07435344827586207 0.2429956896551724 0.14870689655172414
0 0.40598060344827586 0.09363026819923372 0.2465876436781609 0.171455938697318
0 0.22620330459770116 0.20545977011494254 0.26023706896551724 0.16762452107279693
0 0.32219827586206895 0.6836685823754789 0.13577586206896552 0.2940613026819923
0 0.3781429597701149 0.8152538314176245 0.23832614942528735 0.24401340996168583
0 0.5838721264367817 0.7681992337164751 0.20869252873563218 0.30028735632183906
0 0.6330818965517241 0.6508620689655172 0.1788793103448276 0.2744252873563218
0 0.13101652298850575 0.6405651340996169 0.2429956896551724 0.27586206896551724
0 0.21461925287356323 0.6240421455938697 0.1411637931034483 0.1700191570881226
0 0.2727191091954023 0.5034722222222222 0.16720545977011494 0.24832375478927204
0 0.5361889367816092 0.3923611111111111 0.21641522988505746 0.22533524904214558
0 0.6674748563218391 0.31657088122605365 0.12913074712643677 0.37547892720306514
0 0.7474856321839081 0.4895833333333333 0.14224137931034483 0.37236590038314177
0 0.9246587643678161 0.5050287356321839 0.14816810344827586 0.3874521072796935
0 0.8672772988505747 0.2398227969348659 0.25610632183908044 0.2617337164750958
0 0.9217852011494253 0.06800766283524905 0.15176005747126436 0.13266283524904215
0 0.7507183908045977 0.4583333333333333 0.17025862068965517 0.2164750957854406
0 0.1698096264367816 0.25838122605363983 0.07740660919540229 0.1039272030651341
0 0.11898347701149425 0.48443486590038315 0.15535201149425287 0.13984674329501914
0 0.07839439655172414 0.9009818007662835 0.1567887931034483 0.17409003831417624
0 0.8806573275862069 0.3772749042145594 0.12589798850574713 0.19133141762452108
0 0.4718031609195402 0.532926245210728 0.1372126436781609 0.26125478927203066
0 0.27738864942528735 0.34662356321839083 0.272808908045977 0.17409003831417624
0 0.37374281609195403 0.39044540229885055 0.16918103448275862 0.30866858237547895
0 0.19279813218390804 0.4874281609195402 0.06411637931034483 0.09698275862068965
0 0.7865481321839081 0.1141044061302682 0.1355962643678161 0.22485632183908047
