0 0.21210488505747127 0.26544540229885055 0.30136494252873564 0.3623084291187739
0 0.20321479885057472 0.08057950191570881 0.40642959770114945 0.16115900383141762
0 0.24416307471264367 0.3820641762452107 0.37122844827586204 0.5035919540229885
0 0.4911997126436782 0.5779454022988506 0.34051724137931033 0.4341475095785441
1 0.6232938218390804 0.5960249042145593 0.3701508620689655 0.46024904214559387
0 0.9120869252873564 0.43354885057471265 0.17007902298850575 0.2789750957854406
0 0.8585668103448276 0.7255747126436781 0.2771192528735632 0.31513409961685823
0 0.6209590517241379 0.8335727969348659 0.25017959770114945 0.3299808429118774
0 0.3730244252873563 0.9457614942528736 0.23060344827586207 0.10560344827586207
0 0.2046515804597701 0.7565852490421456 0.4093031609195402 0.27801724137931033
0 0.14682112068965517 0.9085249042145593 0.2864583333333333 0.1772030651340996
