0 0.8907147988505747 0.09147509578544061 0.21677442528735633 0.18295019157088122
0 0.8469827586206896 0.3923611111111111 0.28879310344827586 0.32159961685823757
0 0.2252155172413793 0.6181752873563219 0.3308189655172414 0.19181034482758622
0 0.4154992816091954 0.9353448275862069 0.13380028735632185 0.12404214559386974
0 0.4608477011494253 0.6992337164750958 0.2158764367816092 0.3510536398467433
1 0.19522270114942528 0.8414750957854407 0.350933908045977 0.31561302681992337
0 0.6029094827586207 0.3497365900383142 0.4015804597701149 0.40445402298850575
0 0.6384698275862069 0.6119492337164751 0.20869252873563218 0.4758141762452107
0 0.8391702586206896 0.8297413793103449 0.32165948275862066 0.3390804597701149
0 0.9286099137931034 0.5832136015325671 0.1427801724137931 0.6271551724137931
0 0.763739224137931 0.8820641762452107 0.2821479885057471 0.23443486590038315
0 0.5819863505747126 0.8869731800766284 0.2307830459770115 0.2246168582375479
0 0.2472162356321839 0.3101053639846743 0.26598419540229884 0.6221264367816092
0 0.07363505747126436 0.3946360153256705 0.14727011494252873 0.5081417624521073
0 0.14286997126436782 0.758022030651341 0.2843031609195402 0.27945402298850575
0 0.477191091954023 0.027059386973180076 0.10452586206896551 0.05411877394636015
