0 0.41271551724137934 0.6015325670498084 0.2521551724137931 0.32088122605363983
0 0.5863864942528736 0.483955938697318 0.1278735632183908 0.36637931034482757
0 0.7896012931034483 0.14152298850574713 0.21677442528735633 0.2763409961685824
0 0.8872126436781609 0.39523467432950193 0.22557471264367815 0.4561781609195402
0 0.9517780172413793 0.540948275862069 0.09500718390804598 0.2974137931034483
0 0.7435344827586207 0.9052921455938697 0.2557471264367816 0.1875
0 0.9202586206896551 0.9149904214559387 0.15948275862068967 0.16810344827586207
0 0.07435344827586207 0.9439655172413793 0.14870689655172414 0.1068007662835249
0 0.05765086206896552 0.7923850574712644 0.11278735632183907 0.19827586206896552
0 0.09958692528735633 0.5062260536398467 0.1966594827586207 0.2260536398467433
0 0.1547234195402299 0.40241858237547895 0.3069324712643678 0.17456896551724138
0 0.22117456896551724 0.2986111111111111 0.2067169540229885 0.5167624521072797
0 0.08638649425287356 0.12056992337164751 0.1713362068965517 0.2377873563218391
0 0.34401939655172414 0.04621647509578544 0.19522270114942528 0.09051724137931035
