0 0.1356860632183908 0.07315613026819924 0.2702945402298851 0.14295977011494254
0 0.2143498563218391 0.233955938697318 0.1463721264367816 0.3194444444444444
0 0.3031609195402299 0.2952586206896552 0.2151580459770115 0.2710727969348659
0 0.26113505747126436 0.5847701149425287 0.11925287356321838 0.30986590038314177
0 0.5189475574712644 0.34099616858237547 0.2555675287356322 0.18726053639846743
0 0.8363864942528736 0.8156130268199234 0.32363505747126436 0.19300766283524903
0 0.39089439655172414 0.782926245210728 0.2494612068965517 0.16834291187739464
0 0.43866738505747127 0.7228208812260536 0.265625 0.1793582375478927
0 0.6780711206896551 0.5460967432950191 0.12805316091954022 0.33979885057471265
0 0.6141343390804598 0.3074712643678161 0.2620330459770115 0.2543103448275862
0 0.9249281609195402 0.5967432950191571 0.1440373563218391 0.4157088122605364
0 0.44073275862068967 0.48682950191570884 0.14655172413793102 0.33189655172413796
0 0.36952227011494254 0.5235871647509579 0.18911637931034483 0.26939655172413796
0 0.14969468390804597 0.4899425287356322 0.2293462643678161 0.15804597701149425
0 0.9375 0.32016283524904215 0.12392241379310345 0.3936781609195402
0 0.4970366379310345 0.8844588122605364 0.2957974137931034 0.17217432950191572
0 0.2969647988505747 0.9061302681992337 0.14098419540229884 0.18582375478927204
0 0.7964260057471264 0.9528256704980843 0.2437140804597701 0.09243295019157088
0 0.10192169540229885 0.6136254789272031 0.2038433908045977 0.17313218390804597
0 0.45195761494252873 0.04777298850574713 0.18911637931034483 0.09554597701149425
0 0.5731860632183908 0.5575909961685823 0.14457614942528735 0.29334291187739464
0 0.7472162356321839 0.31226053639846746 0.16648706896551724 0.3366858237547893
0 0.020474137931034482 0.523227969348659 0.03843390804597701 0.08524904214559387
0 0.7460488505747126 0.43714080459770116 0.04920977011494253 0.06489463601532568
0 0.9639008620689655 0.9397749042145593 0.06752873563218391 0.11230842911877395
0 0.010416666666666666 0.6876197318007663 0.020833333333333332 0.11230842911877395
0 0.07588002873563218 0.3995450191570881 0.1456537356321839 0.16834291187739464
0 0.09841954022988506 0.17109674329501914 0.1932471264367816 0.14295977011494254
0 0.6945043103448276 0.07914272030651341 0.13218390804597702 0.15493295019157088
0 0.6565193965517241 0.09841954022988506 0.24730603448275862 0.1556513409961686
