0 0.07408405172413793 0.296455938697318 0.13631465517241378 0.3271072796934866
0 0.26230244252873564 0.45294540229885055 0.22431752873563218 0.30962643678160917
0 0.11278735632183907 0.7619731800766284 0.17169540229885058 0.32950191570881227
0 0.21282327586206898 0.694683908045977 0.20797413793103448 0.1968390804597701
0 0.41801364942528735 0.9298371647509579 0.15140086206896552 0.13553639846743296
0 0.4225933908045977 0.7982519157088123 0.24317528735632185 0.20809386973180077
0 0.6390086206896551 0.8477011494252874 0.11745689655172414 0.3017241379310345
0 0.8638649425287356 0.023227969348659006 0.18031609195402298 0.04645593869731801
0 0.5786637931034483 0.6058429118773946 0.1476293103448276 0.3620689655172414
1 0.7049209770114943 0.647389846743295 0.13649425287356323 0.3647030651340996
0 0.8124102011494253 0.6989942528735632 0.11153017241379311 0.1685823754789272
0 0.36395474137931033 0.6536159003831418 0.1966594827586207 0.24736590038314177
0 0.9335488505747126 0.8399185823754789 0.13182471264367815 0.3192049808429119
0 0.9731501436781609 0.2006704980842912 0.05118534482758621 0.17049808429118773
0 0.37311422413793105 0.44947318007662834 0.12338362068965517 0.2361111111111111
0 0.36754669540229884 0.5769875478927203 0.08602729885057471 0.12763409961685823
0 0.4620150862068966 0.6618773946360154 0.11871408045977011 0.36877394636015326
0 0.8764367816091954 0.8795498084291188 0.15014367816091953 0.23802681992337166
0 0.3114224137931034 0.9039750957854407 0.18354885057471265 0.16954022988505746
0 0.15867456896551724 0.9529454022988506 0.17043821839080459 0.09267241379310345
0 0.25736350574712646 0.5783045977011494 0.11350574712643678 0.15660919540229884
0 0.547503591954023 0.532926245210728 0.08530890804597702 0.11805555555555555
