1 0.4209770114942529 0.4816810344827586 0.17349137931034483 0.483955938697318
1 0.6186242816091954 0.2418582375478927 0.40607040229885055 0.32950191570881227
0 0.08764367816091954 0.6050047892720306 0.17169540229885058 0.42169540229885055
0 0.49595905172413796 0.06525383141762452 0.34500718390804597 0.13050766283524903
0 0.41011135057471265 0.04609674329501916 0.06734913793103449 0.08979885057471264
0 0.6922593390804598 0.02813697318007663 0.06196120689655173 0.05627394636015326
1 0.5013469827586207 0.7600574712643678 0.16720545977011494 0.4803639846743295
0 0.6433189655172413 0.8312978927203065 0.24245689655172414 0.33548850574712646
0 0.3036099137931034 0.8397988505747126 0.3180675287356322 0.16044061302681992
0 0.27577227011494254 0.9385775862068966 0.30908764367816094 0.12092911877394635
0 0.0731860632183908 0.9565373563218391 0.1463721264367816 0.08740421455938698
