0 0.9095725574712644 0.9107998084291188 0.18085488505747127 0.1764846743295019
0 0.7658943965517241 0.8494971264367817 0.2350933908045977 0.29909003831417624
0 0.4694683908045977 0.8199233716475096 0.1336206896551724 0.3563218390804598
0 0.2901400862068966 0.8788314176245211 0.2853807471264368 0.24042145593869732
0 0.10398706896551724 0.6472701149425287 0.2065373563218391 0.1839080459770115
0 0.13586566091954022 0.5864463601532567 0.2702945402298851 0.45689655172413796
0 0.3055854885057471 0.2885536398467433 0.20276580459770116 0.2796934865900383
0 0.22243175287356323 0.0835727969348659 0.30513649425287354 0.16379310344827586
0 0.09357040229885058 0.1840277777777778 0.1846264367816092 0.2353927203065134
0 0.07309626436781609 0.32926245210727967 0.14619252873563218 0.30411877394636017
0 0.4561781609195402 0.18654214559386972 0.2180316091954023 0.2471264367816092
1 0.48931393678160917 0.101772030651341 0.3119612068965517 0.19827586206896552
0 0.9256465517241379 0.2209051724137931 0.14619252873563218 0.4384578544061303
0 0.8043283045977011 0.4340277777777778 0.3913433908045977 0.2746647509578544
0 0.6786099137931034 0.5678879310344828 0.1740301724137931 0.3613505747126437
