0 0.4140625 0.27298850574712646 0.22288074712643677 0.5459770114942529
0 0.1703484195402299 0.2556273946360153 0.33710488505747127 0.5112547892720306
0 0.08028017241379311 0.6846264367816092 0.16056034482758622 0.21551724137931033
1 0.12948994252873564 0.44743773946360155 0.25897988505747127 0.66977969348659
0 0.7200969827586207 0.11458333333333333 0.4261853448275862 0.23156130268199235
0 0.5608836206896551 0.029693486590038315 0.07614942528735633 0.05938697318007663
0 0.9340876436781609 0.05256226053639847 0.12428160919540229 0.10512452107279693
0 0.9679418103448276 0.02717911877394636 0.06232040229885057 0.05196360153256705
0 0.9629130747126436 0.11578065134099617 0.07237787356321838 0.11997126436781609
0 0.12814295977011494 0.03029214559386973 0.1654094827586207 0.05579501915708812
0 0.5171515804597702 0.41044061302681994 0.4344468390804598 0.32567049808429116
0 0.5836027298850575 0.6754070881226054 0.4800646551724138 0.3057950191570881
