0 0.796246408045977 0.9353448275862069 0.4057112068965517 0.12739463601532566
0 0.483746408045977 0.9105603448275862 0.2322198275862069 0.17456896551724138
0 0.8199533045977011 0.11889367816091954 0.19127155172413793 0.2377873563218391
0 0.904364224137931 0.12631704980842912 0.18947557471264367 0.25263409961685823
0 0.6884877873563219 0.23958333333333334 0.3108836206896552 0.4791666666666667
0 0.8589260057471264 0.5415469348659003 0.2803520114942529 0.3206417624521073
0 0.6596623563218391 0.6469109195402298 0.21084770114942528 0.5806992337164751
1 0.5009877873563219 0.22653256704980843 0.3166307471264368 0.45306513409961685
0 0.16756465517241378 0.13805076628352492 0.2905890804597701 0.27610153256704983
0 0.04274425287356322 0.06058429118773946 0.08548850574712644 0.11877394636015326
0 0.35479525862068967 0.2624521072796935 0.18552442528735633 0.524904214559387
0 0.23410560344827586 0.5251436781609196 0.34033764367816094 0.32806513409961685
0 0.1902837643678161 0.4998802681992337 0.21210488505747127 0.5586685823754789
0 0.06016522988505747 0.44576149425287354 0.11925287356321838 0.5150862068965517
