0 0.24326508620689655 0.36290708812260536 0.30872844827586204 0.1764846743295019
0 0.6600215517241379 0.2604166666666667 0.34339080459770116 0.24209770114942528
0 0.7378771551724138 0.5419061302681992 0.2670617816091954 0.3596743295019157
0 0.3011853448275862 0.7758620689655172 0.3566810344827586 0.36877394636015326
0 0.06267959770114942 0.7422174329501916 0.12284482758620689 0.16546934865900384
0 0.17519755747126436 0.6032088122605364 0.3489583333333333 0.2303639846743295
0 0.14682112068965517 0.499161877394636 0.289691091954023 0.18989463601532566
0 0.20195761494252873 0.13613505747126436 0.32201867816091956 0.2689176245210728
0 0.07183908045977011 0.09375 0.13972701149425287 0.18558429118773948
0 0.461566091954023 0.0639367816091954 0.15804597701149425 0.12595785440613028
0 0.6200610632183908 0.07770593869731801 0.31124281609195403 0.15205938697318008
