0 0.5549568965517241 0.35117337164750956 0.4547413793103448 0.2684386973180077
0 0.5592672413793104 0.27741858237547895 0.24892241379310345 0.5548371647509579
0 0.14942528735632185 0.8703304597701149 0.20581896551724138 0.2579022988505747
0 0.29723419540229884 0.618654214559387 0.24317528735632185 0.39200191570881227
0 0.3458153735632184 0.038314176245210725 0.11835488505747127 0.07662835249042145
0 0.7958872126436781 0.07279693486590039 0.4067887931034483 0.14559386973180077
0 0.10380747126436782 0.4722222222222222 0.20833333333333334 0.5871647509578544
0 0.22674209770114942 0.29909003831417624 0.2505387931034483 0.5680076628352491
0 0.18435704022988506 0.1969588122605364 0.2634698275862069 0.3939176245210728
0 0.6563397988505747 0.6974377394636015 0.23042385057471265 0.5878831417624522
0 0.3687140804597701 0.8951149425287356 0.47521551724137934 0.2064176245210728
0 0.04669540229885057 0.8025622605363985 0.09410919540229885 0.3934386973180077
0 0.0525323275862069 0.08740421455938698 0.10255028735632184 0.171455938697318
