0 0.08459051724137931 0.733955938697318 0.07758620689655173 0.06513409961685823
0 0.05307112068965517 0.44037356321839083 0.10398706896551724 0.14415708812260536
0 0.031609195402298854 0.7883141762452107 0.05316091954022988 0.07614942528735633
0 0.16316451149425287 0.9541427203065134 0.17331178160919541 0.08692528735632184
0 0.29507902298850575 0.6367337164750958 0.2130028735632184 0.22701149425287356
0 0.2294360632183908 0.8107040229885057 0.19773706896551724 0.3057950191570881
0 0.27110272988505746 0.04753352490421456 0.09177442528735633 0.08979885057471264
0 0.5555854885057471 0.8386015325670498 0.18552442528735633 0.31273946360153254
0 0.8961027298850575 0.7849616858237548 0.19773706896551724 0.4171455938697318
1 0.6421515804597702 0.11206896551724138 0.24874281609195403 0.21886973180076627
0 0.12437140804597702 0.5892001915708812 0.2465876436781609 0.41163793103448276
0 0.4286997126436782 0.7441331417624522 0.25179597701149425 0.39295977011494254
0 0.27729885057471265 0.2426963601532567 0.27514367816091956 0.4063697318007663
0 0.8272270114942529 0.3220785440613027 0.34339080459770116 0.31800766283524906
0 0.5952765804597702 0.6387691570881227 0.2221623563218391 0.32351532567049807
0 0.6497844827586207 0.6428400383141762 0.15804597701149425 0.4078065134099617
1 0.7630208333333334 0.8235153256704981 0.2293462643678161 0.342911877394636
0 0.1554418103448276 0.8460249042145593 0.30872844827586204 0.30028735632183906
0 0.8537176724137931 0.3880507662835249 0.29040948275862066 0.3168103448275862
0 0.9577047413793104 0.6014128352490421 0.08063936781609195 0.10991379310344827
