0 0.10910560344827586 0.23455459770114942 0.2182112068965517 0.4643199233716475
0 0.19216954022988506 0.4766522988505747 0.3139367816091954 0.2674808429118774
1 0.4211566091954023 0.4177442528735632 0.2349137931034483 0.6994731800766284
0 0.6676544540229885 0.8988266283524904 0.19127155172413793 0.19803639846743296
0 0.5613326149425287 0.8951149425287356 0.24982040229885058 0.2006704980842912
0 0.5440912356321839 0.7186302681992337 0.1596623563218391 0.1968390804597701
0 0.6954920977011494 0.6406848659003831 0.1783405172413793 0.12236590038314177
0 0.8667385057471264 0.608117816091954 0.24964080459770116 0.5701628352490421
0 0.9619252873563219 0.8381226053639846 0.07255747126436782 0.3218390804597701
0 0.7692169540229885 0.7990900383141762 0.42995689655172414 0.39990421455938696
