0 0.6618175287356322 0.4665948275862069 0.1724137931034483 0.30148467432950193
0 0.9050826149425287 0.46024904214559387 0.06088362068965517 0.07662835249042145
0 0.09967672413793104 0.4149904214559387 0.19935344827586207 0.22030651340996169
0 0.7696659482758621 0.6495450191570882 0.2613146551724138 0.3704501915708812
0 0.09258261494252873 0.04621647509578544 0.18516522988505746 0.08908045977011494
0 0.4771012931034483 0.32363505747126436 0.2508979885057471 0.3000478927203065
0 0.6342492816091954 0.12272509578544061 0.3586566091954023 0.23922413793103448
0 0.8675466954022989 0.2501197318007663 0.2649066091954023 0.4815613026819923
0 0.9619252873563219 0.38146551724137934 0.07147988505747127 0.24377394636015326
1 0.30962643678160917 0.20725574712643677 0.37751436781609193 0.41259578544061304
0 0.42986709770114945 0.5932710727969349 0.3604525862068966 0.2579022988505747
0 0.5404992816091954 0.7830459770114943 0.33063936781609193 0.39080459770114945
0 0.764996408045977 0.7690373563218391 0.2918462643678161 0.4595306513409962
0 0.7269216954022989 0.1962404214559387 0.3446479885057471 0.38912835249042144
0 0.9378591954022989 0.10237068965517242 0.11961206896551724 0.16738505747126436
0 0.8938577586206896 0.5978208812260536 0.20510057471264367 0.3110632183908046
