0 0.4709949712643678 0.5277777777777778 0.2067169540229885 0.3807471264367816
1 0.2153376436781609 0.48299808429118773 0.3311781609195402 0.20689655172413793
0 0.8410560344827587 0.6229645593869731 0.3160919540229885 0.3584770114942529
0 0.5701329022988506 0.1875 0.38164511494252873 0.375
0 0.9238505747126436 0.30399904214559387 0.1505028735632184 0.6103927203065134
0 0.8176185344827587 0.16834291187739464 0.2832255747126437 0.3366858237547893
1 0.18812859195402298 0.7780172413793104 0.3755387931034483 0.4396551724137931
0 0.23850574712643677 0.9317528735632183 0.3135775862068966 0.13409961685823754
0 0.48051364942528735 0.8576388888888888 0.23186063218390804 0.2823275862068966
0 0.06546336206896551 0.27502394636015326 0.13092672413793102 0.5500478927203065
0 0.19764727011494254 0.24988026819923373 0.27388649425287354 0.49976053639846746
0 0.14295977011494254 0.648227969348659 0.2859195402298851 0.27873563218390807
0 0.6241020114942529 0.41020114942528735 0.20617816091954022 0.4837164750957854
0 0.8626975574712644 0.9112787356321839 0.27460488505747127 0.17840038314176246
0 0.8164511494252874 0.7556273946360154 0.3642241379310345 0.3967911877394636
0 0.9535739942528736 0.8359674329501916 0.08997844827586207 0.13170498084291188
0 0.6175466954022989 0.7992097701149425 0.25700431034482757 0.39870689655172414
