1 0.5058369252873564 0.6600814176245211 0.4994612068965517 0.3330938697318008
0 0.17564655172413793 0.2471264367816092 0.3494971264367816 0.367816091954023
0 0.03996048850574713 0.3366858237547893 0.078125 0.15086206896551724
0 0.4645294540229885 0.19588122605363983 0.23006465517241378 0.2720306513409962
0 0.570941091954023 0.34375 0.4895833333333333 0.3642241379310345
0 0.6023706896551724 0.20007183908045978 0.2237787356321839 0.40014367816091956
0 0.7511673850574713 0.5205938697318008 0.2713721264367816 0.5234674329501916
0 0.891253591954023 0.7181513409961686 0.21390086206896552 0.564176245210728
0 0.9092133620689655 0.2802921455938697 0.18157327586206898 0.3426724137931034
0 0.27667025862068967 0.07543103448275862 0.41864224137931033 0.15086206896551724
0 0.2739762931034483 0.19588122605363983 0.35398706896551724 0.38936781609195403
