0 0.5184985632183908 0.4743773946360153 0.2546695402298851 0.5
0 0.2526939655172414 0.6117097701149425 0.5053879310344828 0.33740421455938696
0 0.6542744252873564 0.6873802681992337 0.24389367816091953 0.5763888888888888
1 0.7868175287356322 0.29094827586206895 0.4163074712643678 0.4046934865900383
0 0.8465337643678161 0.2579022988505747 0.3069324712643678 0.5134099616858238
0 0.8998742816091954 0.6095545977011494 0.19845545977011494 0.2904693486590038
0 0.8368354885057471 0.8566810344827587 0.23545258620689655 0.2847222222222222
0 0.32848419540229884 0.2893917624521073 0.4953304597701149 0.34985632183908044
0 0.05675287356321839 0.23886494252873564 0.11350574712643678 0.24018199233716475
0 0.17878951149425287 0.1323036398467433 0.3557830459770115 0.2646072796934866
0 0.3733836206896552 0.17768199233716475 0.2237787356321839 0.3553639846743295
0 0.0525323275862069 0.0319683908045977 0.1050646551724138 0.06154214559386973
0 0.9721623563218391 0.9014607279693486 0.05567528735632184 0.1903735632183908
