1 0.6358656609195402 0.8415948275862069 0.2372485632183908 0.3139367816091954
0 0.4511494252873563 0.9382183908045977 0.1619971264367816 0.11781609195402298
0 0.8642241379310345 0.7076149425287356 0.2697557471264368 0.5818965517241379
0 0.8265086206896551 0.30196360153256707 0.3135775862068966 0.5991379310344828
0 0.1567887931034483 0.5178400383141762 0.3135775862068966 0.2569444444444444
0 0.09815014367816093 0.1388888888888889 0.1945043103448276 0.2753831417624521
0 0.399066091954023 0.13769157088122605 0.2920258620689655 0.27298850574712646
0 0.30226293103448276 0.12092911877394635 0.21767241379310345 0.2418582375478927
0 0.6377514367816092 0.17612547892720307 0.2130028735632184 0.3474616858237548
0 0.9344468390804598 0.09243295019157088 0.12751436781609196 0.18486590038314177
0 0.029274425287356323 0.3994252873563218 0.058548850574712645 0.09674329501915709
0 0.20141882183908047 0.9705459770114943 0.22611350574712644 0.05603448275862069
