1 0.3108836206896552 0.6112308429118773 0.3308189655172414 0.21910919540229884
0 0.24955100574712644 0.5486111111111112 0.33135775862068967 0.22509578544061304
0 0.36584051724137934 0.3729645593869732 0.2640086206896552 0.16977969348659003
0 0.7936422413793104 0.15217911877394635 0.41271551724137934 0.29909003831417624
0 0.8767959770114943 0.4246886973180077 0.2464080459770115 0.43941570881226055
0 0.47889727011494254 0.7468869731800766 0.28358477011494254 0.3831417624521073
0 0.1540948275862069 0.7914272030651341 0.3031609195402299 0.24042145593869732
0 0.06303879310344827 0.6918103448275862 0.1221264367816092 0.15373563218390804
0 0.028645833333333332 0.5621408045977011 0.05477729885057471 0.12763409961685823
0 0.09554597701149425 0.27717911877394635 0.1896551724137931 0.22006704980842912
0 0.034392959770114945 0.4339080459770115 0.06734913793103449 0.10488505747126436
0 0.16379310344827586 0.1255986590038314 0.20043103448275862 0.2478448275862069
0 0.31537356321839083 0.1664272030651341 0.2449712643678161 0.3309386973180077
0 0.5022449712643678 0.04621647509578544 0.08063936781609195 0.0871647509578544
0 0.6477191091954023 0.04992816091954023 0.21677442528735633 0.09650383141762452
0 0.08890086206896551 0.9489942528735632 0.17385057471264367 0.10009578544061302
