0 0.43705100574712646 0.1845067049808429 0.46533764367816094 0.31202107279693486
0 0.2522449712643678 0.02861590038314176 0.2257543103448276 0.05723180076628352
0 0.05046695402298851 0.27801724137931033 0.10093390804597702 0.125
0 0.8116020114942529 0.6696599616858238 0.3624281609195402 0.2535919540229885
0 0.6861530172413793 0.8577586206896551 0.19558189655172414 0.2796934865900383
1 0.5272988505747126 0.6839080459770115 0.27945402298850575 0.48227969348659006
0 0.06115301724137931 0.1648706896551724 0.12051005747126436 0.2464080459770115
0 0.19288793103448276 0.9279214559386973 0.2999281609195402 0.13936781609195403
0 0.14367816091954022 0.8642241379310345 0.25179597701149425 0.26676245210727967
0 0.359375 0.7624521072796935 0.18318965517241378 0.47270114942528735
0 0.15849497126436782 0.3654214559386973 0.3116020114942529 0.27155172413793105
0 0.07228807471264367 0.5064655172413793 0.1427801724137931 0.13218390804597702
0 0.257183908045977 0.41008141762452105 0.19827586206896552 0.5653735632183908
0 0.444683908045977 0.3577586206896552 0.3911637931034483 0.27011494252873564
0 0.46919899425287354 0.6839080459770115 0.19917385057471265 0.560823754789272
