0 0.5186781609195402 0.22006704980842912 0.4339080459770115 0.30124521072796934
0 0.5373563218390804 0.4846743295019157 0.34913793103448276 0.3342911877394636
0 0.8387212643678161 0.20977011494252873 0.23706896551724138 0.41810344827586204
0 0.6123383620689655 0.04549808429118774 0.13631465517241378 0.08620689655172414
0 0.9270833333333334 0.10751915708812261 0.14331896551724138 0.21168582375478928
0 0.9718929597701149 0.3540469348659004 0.055136494252873564 0.10751915708812261
0 0.7468570402298851 0.7697557471264368 0.12805316091954022 0.39056513409961685
0 0.891882183908046 0.8401580459770115 0.21156609195402298 0.15828544061302682
0 0.42376077586206895 0.8812260536398467 0.21102729885057472 0.23563218390804597
0 0.6328125 0.780411877394636 0.22000718390804597 0.4386973180076628
0 0.8094468390804598 0.5239463601532567 0.3739224137931034 0.24808429118773948
0 0.7862787356321839 0.9500718390804598 0.09303160919540229 0.09650383141762452
0 0.9098419540229885 0.9516283524904214 0.17420977011494254 0.09482758620689655
0 0.8630567528735632 0.017840038314176247 0.1470905172413793 0.03568007662835249
