0 0.5359195402298851 0.3183668582375479 0.4051724137931034 0.2765804597701149
1 0.4072377873563218 0.7420977011494253 0.18444683908045978 0.514367816091954
1 0.4964080459770115 0.7866379310344828 0.4500718390804598 0.3390804597701149
0 0.17367097701149425 0.6914511494252874 0.3448275862068966 0.2799329501915709
0 0.7408405172413793 0.12739463601532566 0.41235632183908044 0.25622605363984674
0 0.6837284482758621 0.16546934865900384 0.41235632183908044 0.33237547892720304
0 0.4188218390804598 0.09650383141762452 0.17097701149425287 0.19444444444444445
0 0.17492816091954022 0.42648467432950193 0.3423132183908046 0.28879310344827586
0 0.2299748563218391 0.27574233716475094 0.2749640804597701 0.5529214559386973
0 0.08414152298850575 0.17265325670498086 0.16648706896551724 0.3453065134099617
0 0.17286278735632185 0.8971503831417624 0.3389008620689655 0.20186781609195403
0 0.15975215517241378 0.040948275862068964 0.20348419540229884 0.07950191570881227
0 0.04534841954022988 0.671455938697318 0.08890086206896551 0.171455938697318
