0 0.3522808908045977 0.2823275862068966 0.29867097701149425 0.3007662835249042
0 0.0461566091954023 0.36637931034482757 0.0908764367816092 0.1360153256704981
0 0.07758620689655173 0.4419300766283525 0.1512212643678161 0.15445402298850575
0 0.07947198275862069 0.7426963601532567 0.15750718390804597 0.41163793103448276
0 0.15319683908045978 0.6251197318007663 0.3024425287356322 0.3192049808429119
0 0.3604525862068966 0.7234195402298851 0.20150862068965517 0.5512452107279694
0 0.9577945402298851 0.11015325670498084 0.08441091954022989 0.21168582375478928
0 0.9162176724137931 0.023946360153256706 0.16505028735632185 0.04454022988505747
0 0.7097701149425287 0.40457375478927204 0.5046695402298851 0.30483716475095785
0 0.5598958333333334 0.6099137931034483 0.4089439655172414 0.28065134099616856
