0 0.7874461206896551 0.04465996168582376 0.1348778735632184 0.08692528735632184
0 0.6544540229885057 0.09243295019157088 0.12176724137931035 0.1824712643678161
0 0.9409123563218391 0.10356800766283525 0.11637931034482758 0.1424808429118774
0 0.8967313218390804 0.4782088122605364 0.20079022988505746 0.296455938697318
0 0.5186781609195402 0.9494731800766284 0.09770114942528736 0.09530651340996169
0 0.5051185344827587 0.6350574712643678 0.38882902298850575 0.4885057471264368
0 0.3907147988505747 0.8068726053639846 0.2641882183908046 0.38338122605363983
0 0.7199173850574713 0.9067289272030651 0.3572198275862069 0.18366858237547892
0 0.9097521551724138 0.787595785440613 0.17869971264367815 0.4166666666666667
0 0.529364224137931 0.27717911877394635 0.21210488505747127 0.5519636015325671
