0 0.9187320402298851 0.9025383141762452 0.16073994252873564 0.19300766283524903
0 0.9327406609195402 0.6295498084291188 0.13272270114942528 0.3850574712643678
0 0.7683189655172413 0.9519875478927203 0.15517241379310345 0.09410919540229885
0 0.3239044540229885 0.7359913793103449 0.2875359195402299 0.41451149425287354
0 0.2678699712643678 0.6846264367816092 0.20707614942528735 0.5445402298850575
0 0.45177801724137934 0.7655651340996169 0.20420258620689655 0.4650383141762452
0 0.5951867816091954 0.7929837164750958 0.23024425287356323 0.4121168582375479
0 0.6434087643678161 0.2995689655172414 0.4197198275862069 0.2523946360153257
0 0.44154094827586204 0.41846264367816094 0.4150502873563218 0.2449712643678161
0 0.20707614942528735 0.15098180076628354 0.4141522988505747 0.30196360153256707
0 0.8839798850574713 0.06776819923371648 0.23024425287356323 0.13793103448275862
0 0.008351293103448275 0.8635057471264368 0.01670258620689655 0.1053639846743295
0 0.5995869252873564 0.11458333333333333 0.5184985632183908 0.22916666666666666
