1 0.31797772988505746 0.6091954022988506 0.33459051724137934 0.21839080459770116
0 0.3642241379310345 0.36075191570881227 0.2683189655172414 0.16546934865900384
0 0.30998563218390807 0.16511015325670497 0.24568965517241378 0.32686781609195403
0 0.7876257183908046 0.1411637931034483 0.4021192528735632 0.2789750957854406
0 0.8811961206896551 0.3961925287356322 0.23617097701149425 0.44612068965517243
0 0.4874281609195402 0.73647030651341 0.2765804597701149 0.383860153256705
0 0.15633979885057472 0.7968151340996169 0.30872844827586204 0.2377873563218391
0 0.2505387931034483 0.5482519157088123 0.3308189655172414 0.23443486590038315
0 0.09617456896551724 0.2813697318007663 0.18839798850574713 0.21839080459770116
0 0.03529094827586207 0.43558429118773945 0.06914511494252873 0.11350574712643678
0 0.1534662356321839 0.1294300766283525 0.20851293103448276 0.2535919540229885
0 0.4911997126436782 0.039990421455938695 0.07255747126436782 0.07471264367816093
0 0.5753412356321839 0.04489942528735632 0.08566810344827586 0.08309386973180076
0 0.06618175287356322 0.6981561302681992 0.1284123563218391 0.1511015325670498
0 0.029005028735632182 0.5700431034482759 0.05405890804597701 0.10847701149425287
0 0.0951867816091954 0.9536637931034483 0.18642241379310345 0.09075670498084291
