0 0.4983836206896552 0.6709770114942529 0.15660919540229884 0.24856321839080459
0 0.509069683908046 0.6970785440613027 0.35039511494252873 0.21216475095785442
0 0.30073635057471265 0.36182950191570884 0.27173132183908044 0.31273946360153254
1 0.29867097701149425 0.3954741379310345 0.2442528735632184 0.3996647509578544
0 0.48096264367816094 0.30040708812260536 0.1598419540229885 0.391044061302682
0 0.06501436781609195 0.8439894636015326 0.125 0.3091475095785441
0 0.17313218390804597 0.8870929118773946 0.3380028735632184 0.2210249042145594
0 0.20833333333333334 0.5821360153256705 0.30064655172413796 0.19875478927203066
0 0.08324353448275862 0.4424090038314176 0.16648706896551724 0.20665708812260536
0 0.5678879310344828 0.49820402298850575 0.13829022988505746 0.32926245210727967
0 0.06258979885057471 0.6594827586206896 0.12338362068965517 0.16331417624521072
0 0.6569683908045977 0.7940613026819924 0.24856321839080459 0.3888888888888889
0 0.7539511494252874 0.06740900383141762 0.07614942528735633 0.13050766283524903
0 0.7013290229885057 0.23742816091954022 0.1846264367816092 0.47725095785440613
