0 0.602819683908046 0.7235392720306514 0.4125359195402299 0.3091475095785441
0 0.20150862068965517 0.7693965517241379 0.20977011494252873 0.4559386973180077
0 0.7089619252873564 0.22126436781609196 0.25125718390804597 0.4363026819923372
0 0.561871408045977 0.03903256704980843 0.19558189655172414 0.07662835249042145
0 0.07408405172413793 0.6429597701149425 0.1470905172413793 0.4779693486590038
0 0.08144755747126436 0.399066091954023 0.16181752873563218 0.15493295019157088
0 0.9154992816091954 0.8448275862068966 0.1654094827586207 0.18486590038314177
0 0.10398706896551724 0.2904693486590038 0.20689655172413793 0.3596743295019157
0 0.6156609195402298 0.9105603448275862 0.22701149425287356 0.1707375478927203
0 0.9401041666666666 0.02610153256704981 0.08171695402298851 0.04885057471264368
