0 0.16109913793103448 0.8335727969348659 0.31788793103448276 0.27490421455938696
0 0.14125359195402298 0.6028496168582376 0.28466235632183906 0.21479885057471265
0 0.03816451149425287 0.47042624521072796 0.07632902298850575 0.09315134099616858
0 0.025233477011494254 0.7346743295019157 0.0461566091954023 0.09147509578544061
0 0.15625 0.17684386973180077 0.3146551724137931 0.24209770114942528
0 0.13263290229885058 0.3858955938697318 0.2372485632183908 0.3623084291187739
0 0.35183189655172414 0.20545977011494254 0.20725574712643677 0.40804597701149425
0 0.40436422413793105 0.2914272030651341 0.2588002873563218 0.282088122605364
0 0.6192528735632183 0.1475095785440613 0.3448275862068966 0.25191570881226055
0 0.8748204022988506 0.23060344827586207 0.24604885057471265 0.45545977011494254
1 0.4473778735632184 0.4783285440613027 0.3103448275862069 0.32351532567049807
0 0.5343929597701149 0.7546695402298851 0.26742097701149425 0.398227969348659
