0 0.5770474137931034 0.04310344827586207 0.1896551724137931 0.08620689655172414
0 0.7008800287356322 0.03867337164750958 0.07632902298850575 0.07495210727969348
0 0.9242097701149425 0.2094109195402299 0.15014367816091953 0.1381704980842912
0 0.9565373563218391 0.398227969348659 0.08369252873563218 0.1360153256704981
0 0.03358477011494253 0.1657088122605364 0.06716954022988506 0.3290229885057471
0 0.3322557471264368 0.3401580459770115 0.29669540229885055 0.2717911877394636
0 0.1888469827586207 0.5335249042145593 0.27173132183908044 0.24760536398467434
0 0.5903376436781609 0.5672892720306514 0.3074712643678161 0.25287356321839083
0 0.3400682471264368 0.6004549808429118 0.36548132183908044 0.37236590038314177
0 0.3222880747126437 0.7456896551724138 0.1840876436781609 0.1613984674329502
0 0.20088002873563218 0.9213362068965517 0.10362787356321838 0.15014367816091953
0 0.9183728448275862 0.08680555555555555 0.16002155172413793 0.17121647509578544
0 0.10434626436781609 0.826867816091954 0.20545977011494254 0.3390804597701149
0 0.5161637931034483 0.3297413793103448 0.4274425287356322 0.3481800766283525
0 0.14044540229885058 0.24305555555555555 0.20294540229885058 0.4837164750957854
0 0.8484195402298851 0.3584770114942529 0.23527298850574713 0.3568007662835249
0 0.8658405172413793 0.57602969348659 0.26185344827586204 0.2397030651340996
0 0.5906968390804598 0.8649425287356322 0.44576149425287354 0.2653256704980843
0 0.5695941091954023 0.8378831417624522 0.30082614942528735 0.321360153256705
0 0.5202945402298851 0.8074712643678161 0.23024425287356323 0.37787356321839083
0 0.3202227011494253 0.10428639846743296 0.19145114942528735 0.21096743295019157
