0 0.17977729885057472 0.16798371647509577 0.2442528735632184 0.33596743295019155
0 0.5058369252873564 0.4688697318007663 0.4035560344827586 0.37116858237547895
0 0.49595905172413796 0.3829022988505747 0.3223778735632184 0.5316091954022989
0 0.0397808908045977 0.21120689655172414 0.0795617816091954 0.35488505747126436
0 0.6889367816091954 0.7310823754789272 0.22126436781609196 0.5359195402298851
0 0.6676544540229885 0.11230842911877395 0.4229525862068966 0.2260536398467433
0 0.12868175287356323 0.7863984674329502 0.2562859195402299 0.42528735632183906
0 0.3316271551724138 0.829382183908046 0.265625 0.3393199233716475
0 0.20492097701149425 0.5842911877394636 0.18714080459770116 0.6005747126436781
0 0.12491020114942529 0.42648467432950193 0.24802442528735633 0.617816091954023
