0 0.8890984195402298 0.8090277777777778 0.22000718390804597 0.3800287356321839
0 0.2975933908045977 0.7873563218390804 0.2607758620689655 0.42337164750957856
0 0.15741738505747127 0.3032806513409962 0.24982040229885058 0.608955938697318
1 0.34348060344827586 0.21048850574712644 0.34357040229885055 0.4185823754789272
0 0.036637931034482756 0.11458333333333333 0.07327586206896551 0.23156130268199235
0 0.027388649425287355 0.40660919540229884 0.05118534482758621 0.12260536398467432
1 0.4034662356321839 0.5170019157088123 0.3072916666666667 0.47126436781609193
0 0.6675646551724138 0.17337164750957854 0.20977011494252873 0.34674329501915707
1 0.8648527298850575 0.125 0.2609554597701149 0.23515325670498086
0 0.9494432471264368 0.25383141762452105 0.09931752873563218 0.4976053639846743
