0 0.4416307471264368 0.6391283524904214 0.3358477011494253 0.29693486590038315
0 0.3942169540229885 0.6284722222222222 0.19216954022988506 0.5256226053639846
0 0.21964798850574713 0.5827346743295019 0.22629310344827586 0.5213122605363985
0 0.6695402298850575 0.25897988505747127 0.35811781609195403 0.48012452107279696
0 0.5219109195402298 0.34674329501915707 0.1896551724137931 0.5296934865900383
0 0.13137571839080459 0.21743295019157088 0.26275143678160917 0.31800766283524906
0 0.062051005747126436 0.8970306513409961 0.12410201149425287 0.20450191570881227
0 0.6600215517241379 0.9558189655172413 0.09123563218390805 0.08692528735632184
0 0.9692887931034483 0.12092911877394635 0.0603448275862069 0.24329501915708812
0 0.14879669540229884 0.05842911877394636 0.16361350574712644 0.11685823754789272
0 0.036458333333333336 0.03771551724137931 0.07183908045977011 0.07543103448275862
0 0.3485093390804598 0.21743295019157088 0.2555675287356322 0.4363026819923372
0 0.5094288793103449 0.03735632183908046 0.08207614942528736 0.07614942528735633
0 0.8795797413793104 0.695522030651341 0.2322198275862069 0.6041666666666666
0 0.9728807471264368 0.5640565134099617 0.045617816091954026 0.14200191570881227
0 0.9020294540229885 0.9801245210727969 0.07417385057471264 0.038314176245210725
0 0.8390804597701149 0.24533045977011494 0.3168103448275862 0.4892241379310345
0 0.30863864942528735 0.011973180076628353 0.0475933908045977 0.023946360153256706
