0 0.6228448275862069 0.3275862068965517 0.14870689655172414 0.4185823754789272
0 0.6513110632183908 0.3078304597701149 0.25700431034482757 0.273227969348659
1 0.8542564655172413 0.36290708812260536 0.19163074712643677 0.4595306513409962
0 0.7145294540229885 0.6149425287356322 0.21605603448275862 0.460727969348659
0 0.5178699712643678 0.5646551724137931 0.16109913793103448 0.4363026819923372
0 0.20438218390804597 0.7108477011494253 0.20689655172413793 0.5246647509578544
0 0.1824712643678161 0.2602969348659004 0.3609913793103448 0.2514367816091954
0 0.6172772988505747 0.0828544061302682 0.07040229885057471 0.16044061302681992
0 0.32776580459770116 0.8127394636015326 0.2273706896551724 0.3668582375478927
0 0.049389367816091954 0.06597222222222222 0.09482758620689655 0.13194444444444445
0 0.6998024425287356 0.0821360153256705 0.19270833333333334 0.15900383141762453
0 0.8557830459770115 0.5165229885057471 0.18642241379310345 0.20114942528735633
0 0.9719827586206896 0.5300526819923371 0.052083333333333336 0.20665708812260536
0 0.9357938218390804 0.2290469348659004 0.1284123563218391 0.45522030651340994
0 0.06878591954022989 0.6252394636015326 0.1336206896551724 0.15229885057471265
0 0.051544540229885055 0.7088122605363985 0.09482758620689655 0.07998084291187739
0 0.08611709770114942 0.8154932950191571 0.17438936781609196 0.13338122605363983
0 0.11009339080459771 0.9242097701149425 0.22018678160919541 0.1467911877394636
0 0.26445761494252873 0.7856800766283525 0.047952586206896554 0.05986590038314176
0 0.4051724137931034 0.9003831417624522 0.15193965517241378 0.19157088122605365
0 0.32929238505747127 0.7189894636015326 0.09572557471264367 0.08692528735632184
0 0.4521372126436782 0.7557471264367817 0.1050646551724138 0.16044061302681992
0 0.36907327586206895 0.5797413793103449 0.16918103448275862 0.1997126436781609
