0 0.12410201149425287 0.18929597701149425 0.19145114942528735 0.3546455938697318
0 0.050736350574712645 0.13122605363984674 0.09895833333333333 0.24329501915708812
0 0.01867816091954023 0.31525383141762453 0.033764367816091954 0.20234674329501914
0 0.11916307471264367 0.5836925287356322 0.12984913793103448 0.3311781609195402
0 0.26023706896551724 0.46827107279693486 0.15301724137931033 0.3010057471264368
0 0.07085129310344827 0.461566091954023 0.13811063218390804 0.16115900383141762
0 0.18732040229885058 0.7176724137931034 0.21695402298850575 0.2246168582375479
0 0.3897270114942529 0.725933908045977 0.24964080459770116 0.18558429118773948
0 0.17250359195402298 0.8045977011494253 0.08063936781609195 0.04118773946360153
0 0.3550646551724138 0.6350574712643678 0.05675287356321839 0.04980842911877394
0 0.505926724137931 0.5651340996168582 0.2435344827586207 0.1518199233716475
0 0.7261135057471264 0.8001676245210728 0.2869971264367816 0.16834291187739464
0 0.7007004310344828 0.6515804597701149 0.25125718390804597 0.1446360153256705
0 0.5545079022988506 0.3856561302681992 0.1937859195402299 0.31776819923371646
0 0.694683908045977 0.4560584291187739 0.2216235632183908 0.2607758620689655
0 0.6920797413793104 0.42911877394636017 0.09788074712643678 0.289272030651341
0 0.8580280172413793 0.28172892720306514 0.17618534482758622 0.3896072796934866
0 0.6636135057471264 0.171455938697318 0.14511494252873564 0.342911877394636
0 0.5933010057471264 0.04980842911877394 0.07345545977011494 0.09961685823754789
0 0.4953304597701149 0.1351772030651341 0.21875 0.17552681992337166
0 0.3076508620689655 0.03867337164750958 0.05459770114942529 0.07734674329501916
0 0.327496408045977 0.9570162835249042 0.2401221264367816 0.08453065134099617
0 0.36898347701149425 0.8602729885057471 0.15714798850574713 0.1635536398467433
0 0.7302442528735632 0.22557471264367815 0.12392241379310345 0.20306513409961685
0 0.6150323275862069 0.9171455938697318 0.12984913793103448 0.16283524904214558
0 0.4905711206896552 0.9097222222222222 0.12589798850574713 0.17768199233716475
0 0.5226293103448276 0.7440134099616859 0.13110632183908047 0.23419540229885058
0 0.2744252873563218 0.8148946360153256 0.11745689655172414 0.21695402298850575
