1 0.7501795977011494 0.43354885057471265 0.31537356321839083 0.5692049808429118
0 0.9209770114942529 0.4515086206896552 0.15445402298850575 0.40445402298850575
0 0.5362787356321839 0.39068486590038315 0.3135775862068966 0.3077107279693487
0 0.25906968390804597 0.5413074712643678 0.33782327586206895 0.45761494252873564
0 0.47674209770114945 0.6678639846743295 0.29292385057471265 0.47270114942528735
0 0.34509698275862066 0.2332375478927203 0.25125718390804597 0.3596743295019157
0 0.07767600574712644 0.09183429118773946 0.15355603448275862 0.18366858237547892
0 0.057201867816091954 0.4006226053639847 0.11440373563218391 0.5656130268199234
0 0.13954741379310345 0.8168103448275862 0.2790948275862069 0.3635057471264368
0 0.24694683908045978 0.5779454022988506 0.2094109195402299 0.40684865900383144
0 0.03529094827586207 0.8898467432950191 0.06878591954022989 0.21455938697318008
