0 0.3558728448275862 0.7869971264367817 0.5386135057471264 0.3287835249042146
0 0.7274604885057471 0.6245210727969349 0.3292025862068966 0.4674329501915709
0 0.7605064655172413 0.3460249042145594 0.2408405172413793 0.3596743295019157
0 0.9093031609195402 0.5730363984674329 0.17564655172413793 0.6029693486590039
0 0.9525862068965517 0.7423371647509579 0.09123563218390805 0.2193486590038314
0 0.6744791666666666 0.9141522988505747 0.4520474137931034 0.16882183908045978
0 0.5185883620689655 0.3727250957854406 0.2408405172413793 0.44276819923371646
0 0.2948994252873563 0.4676724137931034 0.5079022988505747 0.4166666666666667
0 0.5883620689655172 0.1948036398467433 0.30423850574712646 0.39200191570881227
0 0.8242636494252874 0.05268199233716475 0.13020833333333334 0.1053639846743295
0 0.9292385057471264 0.19600095785440613 0.13397988505747127 0.39200191570881227
0 0.031160201149425287 0.13206417624521072 0.06052442528735632 0.1400862068965517
