0 0.3565912356321839 0.7062978927203065 0.26742097701149425 0.5830938697318008
0 0.514367816091954 0.8257902298850575 0.46228448275862066 0.30962643678160917
0 0.7200969827586207 0.9279214559386973 0.359375 0.14224137931034483
0 0.17825071839080459 0.9068486590038314 0.35650143678160917 0.18199233716475097
0 0.01993534482758621 0.9748563218390804 0.03987068965517242 0.04837164750957854
0 0.08917025862068965 0.6239224137931034 0.1783405172413793 0.4135536398467433
0 0.046875 0.4481561302681992 0.09015804597701149 0.16115900383141762
0 0.19773706896551724 0.08081896551724138 0.31573275862068967 0.1592432950191571
0 0.027388649425287355 0.03220785440613027 0.05477729885057471 0.0668103448275862
0 0.21632543103448276 0.23587164750957854 0.4326508620689655 0.342911877394636
0 0.7980423850574713 0.1460727969348659 0.27388649425287354 0.28975095785440613
0 0.5783943965517241 0.13038793103448276 0.26742097701149425 0.2607758620689655
0 0.5770474137931034 0.41534961685823757 0.37787356321839083 0.36757662835249044
0 0.8617097701149425 0.18941570881226052 0.27478448275862066 0.37883141762452105
0 0.4849137931034483 0.3691331417624521 0.3947557471264368 0.2449712643678161
