0 0.3636853448275862 0.3472222222222222 0.27801724137931033 0.4813218390804598
0 0.6043462643678161 0.7003113026819924 0.33620689655172414 0.41738505747126436
0 0.5275682471264368 0.5663314176245211 0.34752155172413796 0.3453065134099617
0 0.7640984195402298 0.7192289272030651 0.4150502873563218 0.41594827586206895
0 0.5986889367816092 0.2640086206896552 0.3213002873563218 0.24976053639846743
0 0.8746408045977011 0.20234674329501914 0.2471264367816092 0.4046934865900383
0 0.14520474137931033 0.8417145593869731 0.28933189655172414 0.3113026819923372
0 0.12473060344827586 0.4571360153256705 0.24838362068965517 0.27729885057471265
0 0.09455818965517242 0.18378831417624522 0.1880387931034483 0.36757662835249044
0 0.7326688218390804 0.904573754789272 0.4800646551724138 0.18893678160919541
0 0.027568247126436782 0.03089080459770115 0.05262212643678161 0.05842911877394636
0 0.9063397988505747 0.013050766283524905 0.13739224137931033 0.024664750957854406
0 0.5628591954022989 0.9832375478927203 0.12033045977011494 0.031609195402298854
0 0.883441091954023 0.7247365900383141 0.23060344827586207 0.3081896551724138
