0 0.7898706896551724 0.5537595785440613 0.36063218390804597 0.49161877394636017
0 0.7734375 0.15601053639846743 0.45276580459770116 0.3134578544061303
0 0.8613505747126436 0.21635536398467434 0.27586206896551724 0.4307950191570881
0 0.45554956896551724 0.3175287356321839 0.22647270114942528 0.4272030651340996
0 0.1343390804597701 0.34410919540229884 0.26795977011494254 0.4846743295019157
0 0.27101293103448276 0.1816331417624521 0.22988505747126436 0.3613505747126437
0 0.45348419540229884 0.10488505747126436 0.2880747126436782 0.21168582375478928
0 0.2095905172413793 0.6044061302681992 0.29813218390804597 0.4650383141762452
0 0.4352550287356322 0.6594827586206896 0.3805675287356322 0.4027777777777778
0 0.11503232758620689 0.9098419540229885 0.1341594827586207 0.17840038314176246
