0 0.8728448275862069 0.6760057471264368 0.25251436781609193 0.5124521072796935
0 0.8556034482758621 0.8714080459770115 0.2869971264367816 0.25383141762452105
0 0.5556752873563219 0.9185823754789272 0.32219827586206895 0.1585249042145594
0 0.048760775862068964 0.859794061302682 0.09177442528735633 0.27610153256704983
0 0.19216954022988506 0.7100095785440613 0.2209051724137931 0.5756704980842912
1 0.6070402298850575 0.32231800766283525 0.3110632183908046 0.6398467432950191
0 0.7205459770114943 0.6071599616858238 0.4270833333333333 0.4643199233716475
0 0.3806573275862069 0.11266762452107279 0.37877155172413796 0.22533524904214558
0 0.8017241379310345 0.2659243295019157 0.16522988505747127 0.27274904214559387
0 0.9060704022988506 0.1904932950191571 0.18426724137931033 0.3795498084291188
