0 0.035201149425287355 0.49161877394636017 0.06573275862068965 0.3390804597701149
0 0.15301724137931033 0.8815852490421456 0.2122844827586207 0.23156130268199235
0 0.041576867816091954 0.9604885057471264 0.08315373563218391 0.07662835249042145
0 0.8774245689655172 0.6064415708812261 0.24263649425287356 0.2938218390804598
0 0.41271551724137934 0.9730603448275862 0.07974137931034483 0.04861111111111111
0 0.3416846264367816 0.6861829501915708 0.1980962643678161 0.47198275862068967
0 0.16648706896551724 0.23994252873563218 0.3329741379310345 0.2768199233716475
0 0.08090876436781609 0.12811302681992337 0.15714798850574713 0.25
0 0.09141522988505747 0.5627394636015326 0.1781609195402299 0.2595785440613027
0 0.22512571839080459 0.6894157088122606 0.27424568965517243 0.28448275862068967
0 0.8798491379310345 0.8699712643678161 0.23563218390804597 0.2547892720306513
0 0.48886494252873564 0.5033524904214559 0.3915229885057471 0.21264367816091953
0 0.6222162356321839 0.7802921455938697 0.33638649425287354 0.43941570881226055
1 0.4291487068965517 0.35009578544061304 0.429058908045977 0.28448275862068967
0 0.5252334770114943 0.8518917624521073 0.20168821839080459 0.29094827586206895
1 0.670617816091954 0.733117816091954 0.21336206896551724 0.5251436781609196
