0 0.9270833333333334 0.9092432950191571 0.12895114942528735 0.17959770114942528
0 0.3468031609195402 0.9161877394636015 0.3426724137931034 0.16331417624521072
0 0.11045258620689655 0.8684147509578544 0.21910919540229884 0.258860153256705
0 0.544989224137931 0.09590517241379311 0.45132902298850575 0.18941570881226052
0 0.3915229885057471 0.3000478927203065 0.3538074712643678 0.3031609195402299
0 0.05387931034482758 0.08668582375478927 0.10596264367816093 0.17576628352490423
0 0.08494971264367816 0.19815613026819923 0.16810344827586207 0.22533524904214558
0 0.25386135057471265 0.2377873563218391 0.43732040229885055 0.37883141762452105
0 0.5486709770114943 0.5936302681992337 0.4364224137931034 0.41475095785440613
0 0.13371048850574713 0.9705459770114943 0.06303879310344827 0.05459770114942529
