0 0.720635775862069 0.04669540229885057 0.10075431034482758 0.09482758620689655
0 0.5424748563218391 0.17277298850574713 0.31950431034482757 0.2507183908045977
0 0.2896012931034483 0.1096743295019157 0.24766522988505746 0.2193486590038314
0 0.3031609195402299 0.22258141762452108 0.3182471264367816 0.20569923371647508
0 0.12077945402298851 0.06956417624521073 0.24048132183908047 0.13912835249042146
0 0.06420617816091954 0.26113505747126436 0.12948994252873564 0.34075670498084293
0 0.06267959770114942 0.4826388888888889 0.12643678160919541 0.22437739463601533
0 0.06995330459770115 0.6610392720306514 0.14098419540229884 0.21958812260536398
0 0.3884698275862069 0.9780890804597702 0.1752873563218391 0.043342911877394634
0 0.7719109195402298 0.2998084291187739 0.26939655172413796 0.4789272030651341
1 0.33997844827586204 0.7253352490421456 0.3423132183908046 0.3333333333333333
