1 0.7327586206896551 0.5369971264367817 0.19468390804597702 0.4892241379310345
1 0.485003591954023 0.3487787356321839 0.1804956896551724 0.39870689655172414
0 0.17349137931034483 0.7136015325670498 0.2413793103448276 0.4046934865900383
0 0.12679597701149425 0.33153735632183906 0.24964080459770116 0.3297413793103448
0 0.05630387931034483 0.46815134099616856 0.1079382183908046 0.32662835249042144
0 0.0639367816091954 0.10476532567049808 0.1278735632183908 0.20953065134099616
0 0.46012931034482757 0.032088122605363985 0.2661637931034483 0.06082375478927203
0 0.712823275862069 0.12116858237547892 0.2273706896551724 0.2389846743295019
0 0.5627693965517241 0.21886973180076627 0.20168821839080459 0.42528735632183906
0 0.7040229885057471 0.15002394636015326 0.1724137931034483 0.2938218390804598
0 0.8886494252873564 0.282088122605364 0.22270114942528735 0.5579501915708812
