0 0.10865660919540229 0.9324712643678161 0.2130028735632184 0.12931034482758622
0 0.42852011494252873 0.48778735632183906 0.3074712643678161 0.5052681992337165
0 0.2636494252873563 0.8176484674329502 0.4680316091954023 0.266044061302682
0 0.5906070402298851 0.615301724137931 0.3230962643678161 0.40589080459770116
0 0.5496587643678161 0.3206417624521073 0.4994612068965517 0.32662835249042144
0 0.8787715517241379 0.10153256704980843 0.2349137931034483 0.20306513409961685
0 0.6936063218390804 0.044061302681992334 0.17097701149425287 0.08045977011494253
0 0.5761494252873564 0.043342911877394634 0.11602011494252873 0.08189655172413793
0 0.21219468390804597 0.12320402298850575 0.23868534482758622 0.24880268199233715
0 0.15373563218390804 0.2122844827586207 0.09375 0.1003352490421456
0 0.06591235632183907 0.1503831417624521 0.13182471264367815 0.29837164750957856
0 0.4317528735632184 0.18881704980842912 0.47162356321839083 0.2636494252873563
0 0.046515804597701146 0.7338362068965517 0.09303160919540229 0.366139846743295
0 0.2080639367816092 0.5322078544061303 0.28466235632183906 0.2995689655172414
