1 0.6804058908045977 0.5963840996168582 0.3500359195402299 0.46910919540229884
0 0.21524784482758622 0.7744252873563219 0.2250359195402299 0.44157088122605365
0 0.4253771551724138 0.9464798850574713 0.12410201149425287 0.10225095785440613
0 0.9008620689655172 0.6773227969348659 0.19647988505747127 0.6405651340996169
0 0.062051005747126436 0.2101293103448276 0.12230603448275862 0.4178639846743295
0 0.2714619252873563 0.19588122605363983 0.23581178160919541 0.382183908045977
0 0.12724497126436782 0.2904693486590038 0.20456178160919541 0.5593869731800766
0 0.04552801724137931 0.5130507662835249 0.09105603448275862 0.1046455938697318
0 0.5008979885057471 0.16666666666666666 0.27155172413793105 0.3309386973180077
0 0.914691091954023 0.3564415708812261 0.16522988505747127 0.17025862068965517
0 0.8004669540229885 0.04106800766283525 0.17959770114942528 0.0821360153256705
0 0.5790229885057471 0.055914750957854406 0.16163793103448276 0.10943486590038314
0 0.7482040229885057 0.24341475095785442 0.21443965517241378 0.48443486590038315
0 0.9120869252873564 0.22437739463601533 0.17223419540229884 0.15134099616858238
0 0.7156070402298851 0.3481800766283525 0.2257543103448276 0.5560344827586207
