0 0.6936063218390804 0.4579741379310345 0.4019396551724138 0.3642241379310345
0 0.4374102011494253 0.1793582375478927 0.4207974137931034 0.2672413793103448
0 0.13838002873563218 0.6426005747126436 0.27316810344827586 0.31441570881226055
0 0.4510596264367816 0.7757423371647509 0.21102729885057472 0.4418103448275862
0 0.2059985632183908 0.10859674329501916 0.20689655172413793 0.2157567049808429
0 0.17286278735632185 0.28532088122605365 0.3432112068965517 0.2861590038314176
0 0.1108117816091954 0.12009099616858238 0.2180316091954023 0.24018199233716475
0 0.6734015804597702 0.14655172413793102 0.2429956896551724 0.2916666666666667
0 0.06555316091954023 0.8812260536398467 0.1285919540229885 0.23227969348659003
0 0.5548670977011494 0.9492337164750958 0.08423132183908046 0.09626436781609195
0 0.7948994252873564 0.9361829501915708 0.4055316091954023 0.12092911877394635
0 0.3953843390804598 0.08333333333333333 0.34967672413793105 0.16666666666666666
0 0.06636135057471264 0.4328304597701149 0.13164511494252873 0.12092911877394635
