0 0.39664152298850575 0.8235153256704981 0.1840876436781609 0.3486590038314176
0 0.5516343390804598 0.6636733716475096 0.3396192528735632 0.3091475095785441
0 0.517510775862069 0.960727969348659 0.07740660919540229 0.07662835249042145
0 0.04400143678160919 0.9721024904214559 0.07902298850574713 0.05627394636015326
0 0.27720905172413796 0.18570402298850575 0.1840876436781609 0.36661877394636017
0 0.2609554597701149 0.21264367816091953 0.28304597701149425 0.29837164750957856
0 0.4124461206896552 0.4187021072796935 0.2875359195402299 0.26939655172413796
0 0.39798850574712646 0.32579022988505746 0.16882183908045978 0.42169540229885055
1 0.5381645114942529 0.24916187739463602 0.17438936781609196 0.49832375478927204
0 0.6738505747126436 0.30962643678160917 0.12751436781609196 0.2289272030651341
0 0.29292385057471265 0.028735632183908046 0.07722701149425287 0.05507662835249042
