0 0.9022988505747126 0.10093390804597702 0.1925287356321839 0.19803639846743296
1 0.48760775862068967 0.2769396551724138 0.39188218390804597 0.3924808429118774
0 0.9023886494252874 0.6015325670498084 0.18983477011494254 0.27873563218390807
0 0.5708512931034483 0.9491139846743295 0.2365301724137931 0.09363026819923372
1 0.5494791666666666 0.45749521072796934 0.37266522988505746 0.45665708812260536
0 0.5020653735632183 0.7482040229885057 0.4125359195402299 0.2861590038314176
0 0.8259698275862069 0.8465038314176245 0.3459051724137931 0.303639846743295
0 0.12886135057471265 0.18474616858237547 0.2577227011494253 0.36374521072796934
0 0.1627155172413793 0.44887452107279696 0.3275862068965517 0.36518199233716475
0 0.7265625 0.10596264367816093 0.28466235632183906 0.21192528735632185
0 0.4401041666666667 0.09674329501915709 0.40607040229885055 0.19204980842911878
0 0.4015804597701149 0.13637452107279693 0.2708333333333333 0.26939655172413796
