0 0.39107399425287354 0.17025862068965517 0.4660560344827586 0.30938697318007663
1 0.5500179597701149 0.6380507662835249 0.23760775862068967 0.5189176245210728
0 0.14466594827586207 0.41846264367816094 0.28573994252873564 0.27514367816091956
0 0.045079022988505746 0.21958812260536398 0.08836206896551724 0.21791187739463602
0 0.1499640804597701 0.04825191570881226 0.2963362068965517 0.09410919540229885
0 0.8231860632183908 0.5719588122605364 0.3500359195402299 0.2559865900383142
0 0.7316810344827587 0.8279454022988506 0.20797413793103448 0.3417145593869732
0 0.4209770114942529 0.35117337164750956 0.40445402298850575 0.21192528735632185
0 0.25 0.43809865900383144 0.20545977011494254 0.5524425287356322
0 0.07543103448275862 0.5833333333333334 0.14188218390804597 0.12164750957854406
0 0.4932650862068966 0.6582854406130269 0.2437140804597701 0.5191570881226054
0 0.3915229885057471 0.7654454022988506 0.19360632183908047 0.4667145593869732
0 0.2124640804597701 0.8726053639846744 0.20545977011494254 0.24760536398467434
0 0.2647270114942529 0.9273227969348659 0.23850574712643677 0.14056513409961685
