0 0.2200969827586207 0.2545498084291188 0.21569683908045978 0.5090996168582376
0 0.6671156609195402 0.35512452107279696 0.18947557471264367 0.5258620689655172
0 0.845007183908046 0.43726053639846746 0.30998563218390807 0.428639846743295
0 0.5817169540229885 0.17492816091954022 0.1932471264367816 0.34985632183908044
1 0.48248922413793105 0.5846503831417624 0.2947198275862069 0.20378352490421456
0 0.4793462643678161 0.45761494252873564 0.29022988505747127 0.1388888888888889
0 0.0561242816091954 0.5432231800766284 0.1122485632183908 0.21910919540229884
0 0.25736350574712646 0.5864463601532567 0.25969827586206895 0.19061302681992337
0 0.2748742816091954 0.6277538314176245 0.35398706896551724 0.2157567049808429
0 0.21111709770114942 0.8253113026819924 0.30549568965517243 0.3426724137931034
0 0.3652119252873563 0.8397988505747126 0.17151580459770116 0.21551724137931033
0 0.05702227011494253 0.9098419540229885 0.11404454022988506 0.1736111111111111
