0 0.19710847701149425 0.8223180076628352 0.3942169540229885 0.3529693486590038
0 0.6153915229885057 0.9436063218390804 0.35757902298850575 0.11039272030651341
0 0.8879310344827587 0.5955459770114943 0.22054597701149425 0.414272030651341
0 0.9609375 0.2836446360153257 0.07632902298850575 0.5184386973180076
1 0.7059087643678161 0.5998563218390804 0.24263649425287356 0.6484674329501916
1 0.31573275862068967 0.4816810344827586 0.2122844827586207 0.5711206896551724
1 0.12176724137931035 0.5214319923371648 0.2435344827586207 0.733955938697318
1 0.5042205459770115 0.5251436781609196 0.203125 0.6384099616858238
1 0.6461027298850575 0.2855603448275862 0.2868175287356322 0.5687260536398467
0 0.8680854885057471 0.7880747126436781 0.25448994252873564 0.414272030651341
