0 0.1853448275862069 0.929477969348659 0.09949712643678162 0.1396072796934866
0 0.018318965517241378 0.9713840996168582 0.036637931034482756 0.05579501915708812
0 0.798132183908046 0.9313936781609196 0.40373563218390807 0.13577586206896552
0 0.0241558908045977 0.3081896551724138 0.0483117816091954 0.09291187739463602
0 0.7655352011494253 0.17480842911877395 0.2548491379310345 0.3496168582375479
0 0.6179058908045977 0.3656609195402299 0.14026580459770116 0.38840996168582376
0 0.868444683908046 0.3231561302681992 0.2613146551724138 0.21910919540229884
0 0.8527298850574713 0.4840756704980843 0.29454022988505746 0.21336206896551724
0 0.5028735632183908 0.26999521072796934 0.1476293103448276 0.2435344827586207
0 0.11323635057471264 0.5786637931034483 0.22826867816091953 0.3896072796934866
0 0.21282327586206898 0.6965996168582376 0.17852011494252873 0.3242337164750958
0 0.31905531609195403 0.46695402298850575 0.2315014367816092 0.19923371647509577
1 0.4348060344827586 0.6788793103448276 0.31537356321839083 0.26676245210727967
0 0.5061961206896551 0.5094588122605364 0.21066810344827586 0.3508141762452107
1 0.4938038793103448 0.1184147509578544 0.3202227011494253 0.23443486590038315
0 0.5771372126436781 0.040948275862068964 0.14529454022988506 0.08189655172413793
