0 0.8850574712643678 0.821360153256705 0.2273706896551724 0.35488505747126436
0 0.9572557471264368 0.09686302681992337 0.08081896551724138 0.19372605363984674
0 0.04696479885057471 0.4422892720306513 0.09141522988505747 0.1657088122605364
0 0.452496408045977 0.6315852490421456 0.28142959770114945 0.7315613026819924
0 0.8552442528735632 0.821360153256705 0.2848419540229885 0.3424329501915709
0 0.6711566091954023 0.7769396551724138 0.2941810344827586 0.43462643678160917
0 0.23976293103448276 0.8354885057471264 0.3879310344827586 0.32375478927203066
1 0.8803879310344828 0.36649904214559387 0.23455459770114942 0.45186781609195403
0 0.8376436781609196 0.57602969348659 0.28735632183908044 0.3546455938697318
1 0.6142241379310345 0.4258860153256705 0.2579022988505747 0.7425766283524904
