0 0.35183189655172414 0.06824712643678162 0.33405172413793105 0.13409961685823754
0 0.3251616379310345 0.26568486590038315 0.22647270114942528 0.3000478927203065
0 0.07291666666666667 0.41379310344827586 0.14583333333333334 0.3994252873563218
0 0.18507543103448276 0.60727969348659 0.3151939655172414 0.28639846743295017
0 0.3160021551724138 0.29909003831417624 0.15535201149425287 0.4238505747126437
0 0.05738146551724138 0.8811063218390804 0.11548132183908046 0.23299808429118773
0 0.09491738505747127 0.9462404214559387 0.055136494252873564 0.1046455938697318
0 0.20114942528735633 0.8917624521072797 0.19432471264367815 0.2136015325670498
0 0.39098419540229884 0.9551005747126436 0.14260057471264367 0.08836206896551724
0 0.3350395114942529 0.9800047892720306 0.07094109195402298 0.036159003831417624
0 0.2718211206896552 0.7253352490421456 0.23617097701149425 0.1939655172413793
1 0.5757902298850575 0.6023706896551724 0.07040229885057471 0.2602969348659004
0 0.5014367816091954 0.5720785440613027 0.13505747126436782 0.24377394636015326
0 0.4130747126436782 0.8402777777777778 0.30280172413793105 0.20593869731800765
0 0.7787356321839081 0.6416427203065134 0.1343390804597701 0.2492816091954023
0 0.8898168103448276 0.9716235632183908 0.1470905172413793 0.05531609195402299
0 0.6384698275862069 0.8474616858237548 0.15768678160919541 0.3022030651340996
0 0.7640086206896551 0.8679358237547893 0.18139367816091953 0.26125478927203066
0 0.9156788793103449 0.6886973180076629 0.16505028735632185 0.25766283524904215
0 0.7003412356321839 0.5720785440613027 0.2699353448275862 0.2744252873563218
0 0.908135775862069 0.4143917624521073 0.1804956896551724 0.4652777777777778
0 0.44001436781609193 0.428639846743295 0.20689655172413793 0.3204022988505747
0 0.4673132183908046 0.6964798850574713 0.2855603448275862 0.25023946360153254
0 0.921875 0.8647030651340997 0.1540948275862069 0.2686781609195402
