1 0.46497844827586204 0.6528975095785441 0.4859913793103448 0.3378831417624521
0 0.7130028735632183 0.5104166666666666 0.26329022988505746 0.5198754789272031
0 0.8714978448275862 0.7103687739463601 0.2552083333333333 0.5773467432950191
0 0.9833872126436781 0.9164272030651341 0.03142959770114943 0.16522988505747127
1 0.8849676724137931 0.27490421455938696 0.22647270114942528 0.3438697318007663
0 0.9582435344827587 0.3329741379310345 0.08351293103448276 0.4360632183908046
0 0.5305316091954023 0.3377634099616858 0.4788074712643678 0.35943486590038315
0 0.5624102011494253 0.19647988505747127 0.22108477011494254 0.39295977011494254
0 0.4191810344827586 0.18570402298850575 0.2435344827586207 0.2708333333333333
0 0.15589080459770116 0.2659243295019157 0.30998563218390807 0.32112068965517243
0 0.22952586206896552 0.19408524904214558 0.35488505747126436 0.3809865900383142
0 0.13164511494252873 0.07363505747126436 0.2309626436781609 0.14727011494252873
0 0.017510775862068964 0.3241139846743295 0.03322557471264368 0.101772030651341
