0 0.49173850574712646 0.31860632183908044 0.09015804597701149 0.25263409961685823
0 0.21138649425287356 0.6470306513409961 0.06788793103448276 0.06609195402298851
0 0.25323275862068967 0.6035680076628352 0.09841954022988506 0.08931992337164751
0 0.18983477011494254 0.07231800766283525 0.13326149425287356 0.13984674329501914
0 0.12266522988505747 0.19420498084291188 0.24173850574712644 0.25383141762452105
0 0.4167564655172414 0.28125 0.140625 0.273227969348659
0 0.6727729885057471 0.39212164750957856 0.13972701149425287 0.22533524904214558
0 0.48760775862068967 0.7034243295019157 0.10201149425287356 0.17169540229885058
0 0.6824712643678161 0.7426963601532567 0.23994252873563218 0.1788793103448276
0 0.8782327586206896 0.9583333333333334 0.23814655172413793 0.07614942528735633
0 0.5891702586206896 0.9663553639846744 0.09572557471264367 0.06010536398467433
0 0.5597162356321839 0.7916666666666666 0.18193247126436782 0.3481800766283525
1 0.6006645114942529 0.3278256704980843 0.24551005747126436 0.22653256704980843
0 0.7017780172413793 0.9056513409961686 0.12051005747126436 0.18151340996168583
0 0.8055854885057471 0.5154454022988506 0.19198994252873564 0.3565613026819923
0 0.8483297413793104 0.5440613026819924 0.29974856321839083 0.1839080459770115
0 0.9513290229885057 0.4306752873563218 0.09375 0.0821360153256705
0 0.45635775862068967 0.8873323754789272 0.1627155172413793 0.2181513409961686
0 0.8303699712643678 0.1997126436781609 0.23617097701149425 0.3922413793103448
0 0.6203304597701149 0.5925526819923371 0.17097701149425287 0.20953065134099616
0 0.14520474137931033 0.38242337164750956 0.27388649425287354 0.18630268199233715
0 0.29876077586206895 0.5081417624521073 0.3069324712643678 0.18486590038314177
0 0.5280172413793104 0.5294540229885057 0.14798850574712644 0.23275862068965517
0 0.09599497126436782 0.7205459770114943 0.19019396551724138 0.16666666666666666
0 0.09006824712643678 0.5820162835249042 0.18013649425287356 0.38481800766283525
0 0.3579382183908046 0.3903256704980843 0.27478448275862066 0.28304597701149425
0 0.8258800287356322 0.8773946360153256 0.2508979885057471 0.20593869731800765
0 0.3604525862068966 0.1279932950191571 0.2478448275862069 0.2559865900383142
