0 0.9549209770114943 0.9210967432950191 0.08441091954022989 0.1511015325670498
0 0.9545617816091954 0.39990421455938696 0.08908045977011494 0.5866858237547893
0 0.8807471264367817 0.11147030651340996 0.23670977011494254 0.22294061302681992
0 0.7929238505747126 0.23647030651340997 0.24317528735632185 0.46815134099616856
0 0.624371408045977 0.29897030651340994 0.23114224137931033 0.5955459770114943
0 0.36072198275862066 0.16906130268199235 0.21641522988505746 0.33045977011494254
1 0.3495869252873563 0.5243055555555556 0.3723060344827586 0.38481800766283525
0 0.08028017241379311 0.5100574712643678 0.15876436781609196 0.41618773946360155
0 0.04965876436781609 0.3051963601532567 0.09931752873563218 0.28089080459770116
0 0.18570402298850575 0.7168342911877394 0.2711925287356322 0.5423850574712644
0 0.4524066091954023 0.8125 0.36386494252873564 0.3702107279693487
0 0.32731681034482757 0.9662356321839081 0.12733477011494254 0.06321839080459771
0 0.044989224137931036 0.8771551724137931 0.08997844827586207 0.19444444444444445
0 0.03017241379310345 0.9818007662835249 0.04920977011494253 0.032088122605363985
