0 0.35802801724137934 0.2935823754789272 0.28825431034482757 0.1968390804597701
0 0.19621048850574713 0.44935344827586204 0.20851293103448276 0.2617337164750958
0 0.15768678160919541 0.5639367816091954 0.22413793103448276 0.1968390804597701
0 0.9614762931034483 0.6077586206896551 0.07453304597701149 0.4046934865900383
0 0.6760057471264368 0.09327107279693486 0.32076149425287354 0.18510536398467434
0 0.23850574712643677 0.21408045977011494 0.23060344827586207 0.2418582375478927
0 0.2756824712643678 0.14379789272030652 0.26903735632183906 0.1707375478927203
0 0.20330459770114942 0.8635057471264368 0.26544540229885055 0.1700191570881226
0 0.7673311781609196 0.7714319923371648 0.2401221264367816 0.2435344827586207
0 0.3188757183908046 0.616139846743295 0.23581178160919541 0.16044061302681992
0 0.15382543103448276 0.7302442528735632 0.2519755747126437 0.1817528735632184
0 0.6609195402298851 0.288433908045977 0.2216235632183908 0.22294061302681992
0 0.8556034482758621 0.5275383141762452 0.20689655172413793 0.27729885057471265
0 0.4582435344827586 0.8985871647509579 0.2182112068965517 0.19755747126436782
0 0.5823455459770115 0.8251915708812261 0.12266522988505747 0.34770114942528735
0 0.6615481321839081 0.9136733716475096 0.1079382183908046 0.1707375478927203
0 0.6780711206896551 0.6042863984674329 0.1682830459770115 0.3057950191570881
0 0.8698814655172413 0.9207375478927203 0.15247844827586207 0.1532567049808429
0 0.8890984195402298 0.2296455938697318 0.2192887931034483 0.2696360153256705
0 0.8802083333333334 0.19444444444444445 0.23706896551724138 0.3065134099616858
0 0.19827586206896552 0.0443007662835249 0.16307471264367815 0.08524904214559387
0 0.2963362068965517 0.8745210727969349 0.17420977011494254 0.2442528735632184
0 0.07471264367816093 0.11745689655172414 0.13397988505747127 0.23156130268199235
0 0.013649425287356323 0.14499521072796934 0.02622126436781609 0.07974137931034483
0 0.38622485632183906 0.02849616858237548 0.1108117816091954 0.05699233716475096
0 0.07112068965517242 0.9619252873563219 0.1411637931034483 0.06800766283524905
0 0.19351652298850575 0.9357040229885057 0.15463362068965517 0.12332375478927203
0 0.7059985632183908 0.9337883141762452 0.07579022988505747 0.13050766283524903
0 0.5154454022988506 0.021312260536398467 0.04202586206896552 0.04118773946360153
0 0.29929956896551724 0.02885536398467433 0.05693247126436782 0.05627394636015326
0 0.7931034482758621 0.9080459770114943 0.1221264367816092 0.17863984674329503
0 0.40607040229885055 0.9594109195402298 0.0639367816091954 0.07590996168582376
