0 0.2990301724137931 0.3251915708812261 0.13290229885057472 0.34434865900383144
0 0.3390804597701149 0.3538074712643678 0.23706896551724138 0.17313218390804597
0 0.08665589080459771 0.5872844827586207 0.16576867816091953 0.0806992337164751
0 0.05477729885057471 0.6573275862068966 0.10704022988505747 0.14703065134099616
0 0.08225574712643678 0.7599377394636015 0.16056034482758622 0.1300287356321839
0 0.018947557471264368 0.8645833333333334 0.03394396551724138 0.09075670498084291
0 0.2661637931034483 0.5827346743295019 0.3333333333333333 0.2478448275862069
0 0.1307471264367816 0.9645593869731801 0.07866379310344827 0.06896551724137931
0 0.08414152298850575 0.2768199233716475 0.16433189655172414 0.1724137931034483
0 0.2535919540229885 0.7868773946360154 0.2790948275862069 0.4075670498084291
0 0.42726293103448276 0.8309386973180076 0.23814655172413793 0.25526819923371646
0 0.46533764367816094 0.9683908045977011 0.08512931034482758 0.05795019157088123
0 0.6461925287356322 0.8850574712643678 0.29669540229885055 0.2193486590038314
0 0.9007722701149425 0.9620450191570882 0.08890086206896551 0.07399425287356322
