0 0.4012212643678161 0.7750239463601533 0.22557471264367815 0.44803639846743293
0 0.47216235632183906 0.7840038314176245 0.2273706896551724 0.42528735632183906
0 0.6432291666666666 0.6247605363984674 0.3557830459770115 0.2193486590038314
0 0.7601472701149425 0.7133620689655172 0.2785560344827586 0.17385057471264367
0 0.7282686781609196 0.45557950191570884 0.23814655172413793 0.15158045977011494
0 0.8602729885057471 0.5174808429118773 0.2776580459770115 0.2514367816091954
0 0.5835129310344828 0.42528735632183906 0.1752873563218391 0.3424329501915709
0 0.6819324712643678 0.3981082375478927 0.08800287356321838 0.1597222222222222
0 0.8153735632183908 0.2689176245210728 0.3620689655172414 0.3702107279693487
0 0.030082614942528736 0.8715277777777778 0.056573275862068964 0.2550287356321839
0 0.12895114942528735 0.5271791187739464 0.25610632183908044 0.3642241379310345
0 0.4892241379310345 0.0778256704980843 0.22018678160919541 0.1556513409961686
0 0.21470905172413793 0.08620689655172414 0.37733477011494254 0.1724137931034483
0 0.23985272988505746 0.2042624521072797 0.203125 0.40373563218390807
0 0.9555495689655172 0.1875 0.08890086206896551 0.3726053639846743
0 0.8580280172413793 0.10775862068965517 0.2552083333333333 0.21312260536398467
0 0.9016702586206896 0.26424808429118773 0.024245689655172414 0.06345785440613026
