0 0.11655890804597702 0.43773946360153254 0.23060344827586207 0.6518199233716475
0 0.6370330459770115 0.7279693486590039 0.4536637931034483 0.296455938697318
0 0.6134159482758621 0.8418342911877394 0.453125 0.31441570881226055
0 0.8805675287356322 0.8090277777777778 0.23742816091954022 0.3192049808429119
0 0.7911278735632183 0.4838362068965517 0.41522988505747127 0.3057950191570881
0 0.5485811781609196 0.37308429118773945 0.27783764367816094 0.45545977011494254
0 0.843121408045977 0.20545977011494254 0.31375718390804597 0.4075670498084291
0 0.5699533045977011 0.1730124521072797 0.3812859195402299 0.3426724137931034
0 0.7069863505747126 0.03412356321839081 0.16505028735632185 0.06633141762452108
0 0.9338182471264368 0.31082375478927204 0.13092672413793102 0.09913793103448276
