0 0.05118534482758621 0.6542145593869731 0.10057471264367816 0.3089080459770115
0 0.03394396551724138 0.8675766283524904 0.06609195402298851 0.14272030651340997
0 0.22000718390804597 0.8861350574712644 0.3078304597701149 0.22198275862068967
1 0.4692887931034483 0.8211206896551724 0.21479885057471265 0.35488505747126436
1 0.6353268678160919 0.5985392720306514 0.42798132183908044 0.2617337164750958
0 0.8804777298850575 0.8482998084291188 0.2372485632183908 0.29765325670498083
0 0.767510775862069 0.37823275862068967 0.39816810344827586 0.3819444444444444
0 0.8423132183908046 0.29022988505747127 0.3135775862068966 0.3371647509578544
0 0.8428520114942529 0.140205938697318 0.31070402298850575 0.27274904214559387
0 0.6390984195402298 0.09614463601532568 0.34608477011494254 0.1846264367816092
0 0.43157327586206895 0.09422892720306514 0.2065373563218391 0.18606321839080459
0 0.22467672413793102 0.25059865900383144 0.22593390804597702 0.5011973180076629
0 0.13811063218390804 0.5098180076628352 0.2744252873563218 0.625
