0 0.5554956896551724 0.3600335249042146 0.18318965517241378 0.40205938697318006
0 0.5749820402298851 0.3783524904214559 0.30657327586206895 0.21551724137931033
0 0.30648347701149425 0.7755028735632183 0.2336566091954023 0.36661877394636017
0 0.7162356321839081 0.4551005747126437 0.3074712643678161 0.2143199233716475
0 0.9076867816091954 0.5252634099616859 0.18139367816091953 0.4782088122605364
0 0.13954741379310345 0.4893438697318008 0.15660919540229884 0.3953544061302682
0 0.30441810344827586 0.35129310344827586 0.2510775862068966 0.32471264367816094
0 0.29247485632183906 0.20114942528735633 0.15894396551724138 0.39990421455938696
0 0.45357399425287354 0.6351772030651341 0.16648706896551724 0.4442049808429119
0 0.6747485632183908 0.05579501915708812 0.2244971264367816 0.10919540229885058
0 0.7390445402298851 0.931154214559387 0.19719827586206898 0.13481800766283525
0 0.9014008620689655 0.9191810344827587 0.19216954022988506 0.1568486590038314
0 0.513739224137931 0.9483955938697318 0.27676005747126436 0.09602490421455939
0 0.14744971264367815 0.9676724137931034 0.20545977011494254 0.0617816091954023
0 0.03897270114942529 0.5180795019157088 0.07794540229885058 0.3115421455938697
0 0.04516882183908046 0.9096024904214559 0.08710488505747127 0.17121647509578544
0 0.06339798850574713 0.19216954022988506 0.125 0.3800287356321839
