0 0.4269037356321839 0.8771551724137931 0.32435344827586204 0.23371647509578544
0 0.8320761494252874 0.492816091954023 0.3017241379310345 0.4813218390804598
0 0.5261314655172413 0.4221743295019157 0.2494612068965517 0.2950191570881226
0 0.6077586206896551 0.44947318007662834 0.29310344827586204 0.25191570881226055
0 0.5916846264367817 0.1969588122605364 0.2645474137931034 0.2746647509578544
1 0.47889727011494254 0.12440134099616858 0.17654454022988506 0.24688697318007663
0 0.34752155172413796 0.10512452107279693 0.12176724137931035 0.2049808429118774
0 0.21417025862068967 0.2798132183908046 0.2961566091954023 0.3493773946360153
0 0.2598778735632184 0.27717911877394635 0.3132183908045977 0.18989463601532566
0 0.4785380747126437 0.6931273946360154 0.272808908045977 0.27227011494252873
0 0.3324353448275862 0.6452346743295019 0.24389367816091953 0.17983716475095785
0 0.2904992816091954 0.5159243295019157 0.20420258620689655 0.21671455938697318
0 0.2636494252873563 0.6596024904214559 0.13290229885057472 0.3225574712643678
0 0.061422413793103446 0.4200191570881226 0.12033045977011494 0.4621647509578544
0 0.16289511494252873 0.4541427203065134 0.1619971264367816 0.2042624521072797
0 0.07938218390804598 0.08273467432950192 0.15876436781609196 0.16546934865900384
