1 0.3777837643678161 0.6361350574712644 0.4969468390804598 0.3426724137931034
0 0.7848419540229885 0.7013888888888888 0.2543103448275862 0.5953065134099617
0 0.9317528735632183 0.8655411877394636 0.13290229885057472 0.2646072796934866
0 0.9069683908045977 0.2647270114942529 0.1824712643678161 0.5294540229885057
1 0.7947198275862069 0.2587404214559387 0.2094109195402299 0.33548850574712646
0 0.6325431034482759 0.49245689655172414 0.25323275862068967 0.5102969348659003
0 0.44612068965517243 0.3174090038314176 0.48060344827586204 0.36182950191570884
0 0.34545617816091956 0.16295498084291188 0.23976293103448276 0.27801724137931033
0 0.4815912356321839 0.1869013409961686 0.21749281609195403 0.3738026819923372
0 0.11817528735632184 0.24317528735632185 0.23275862068965517 0.3378831417624521
0 0.1648706896551724 0.18510536398467434 0.32076149425287354 0.3702107279693487
0 0.9739583333333334 0.6078783524904214 0.04489942528735632 0.08261494252873564
0 0.049389367816091954 0.033524904214559385 0.09339080459770115 0.06704980842911877
