0 0.4990122126436782 0.7934626436781609 0.31627155172413796 0.2210249042145594
0 0.28511135057471265 0.1903735632183908 0.2792744252873563 0.36877394636015326
0 0.3308189655172414 0.19025383141762453 0.30998563218390807 0.19228927203065135
1 0.5475933908045977 0.0806992337164751 0.15876436781609196 0.15613026819923373
0 0.42151580459770116 0.05795019157088123 0.1235632183908046 0.11254789272030652
0 0.6799568965517241 0.13110632183908047 0.29238505747126436 0.25550766283524906
0 0.694055316091954 0.3633860153256705 0.33459051724137934 0.273227969348659
0 0.8837104885057471 0.4171455938697318 0.23257902298850575 0.4846743295019157
0 0.5507363505747126 0.6103927203065134 0.2785560344827586 0.2696360153256705
0 0.4032866379310345 0.561661877394636 0.23832614942528735 0.17744252873563218
0 0.3535380747126437 0.43139367816091956 0.20168821839080459 0.21240421455938696
0 0.3333333333333333 0.5650143678160919 0.1285919540229885 0.3249521072796935
0 0.6056034482758621 0.3424329501915709 0.27478448275862066 0.3184865900383142
0 0.0980603448275862 0.2962164750957854 0.19468390804597702 0.5234674329501916
0 0.2350933908045977 0.3684147509578544 0.15625 0.20234674329501914
0 0.09069683908045977 0.03065134099616858 0.17636494252873564 0.05795019157088123
0 0.078125 0.07602969348659004 0.07938218390804598 0.040948275862068964
