1 0.38460847701149425 0.38409961685823757 0.4800646551724138 0.5986590038314177
0 0.2287176724137931 0.7999281609195402 0.4574353448275862 0.3110632183908046
0 0.6045258620689655 0.7040229885057471 0.31429597701149425 0.5828544061302682
0 0.5176005747126436 0.44600095785440613 0.3110632183908046 0.6621168582375478
0 0.6622665229885057 0.06417624521072797 0.11871408045977011 0.12595785440613028
0 0.4126257183908046 0.9202586206896551 0.12805316091954022 0.15708812260536398
0 0.7249461206896551 0.780411877394636 0.2307830459770115 0.4324712643678161
1 0.7931034482758621 0.5423850574712644 0.3620689655172414 0.7188697318007663
0 0.9427981321839081 0.5484913793103449 0.11117097701149425 0.7047413793103449
0 0.3147449712643678 0.10368773946360153 0.6212284482758621 0.20977011494252873
0 0.026311063218390805 0.11434386973180076 0.050826149425287355 0.12140804597701149
