0 0.7306034482758621 0.7235392720306514 0.4594109195402299 0.3010057471264368
0 0.6801364942528736 0.22210249042145594 0.24245689655172414 0.4408524904214559
0 0.4166666666666667 0.08692528735632184 0.33189655172413796 0.17385057471264367
0 0.3621587643678161 0.8860153256704981 0.20743534482758622 0.2260536398467433
0 0.11682830459770115 0.6845067049808429 0.23114224137931033 0.2717911877394636
0 0.06339798850574713 0.14619252873563218 0.1257183908045977 0.29238505747126436
0 0.13748204022988506 0.5717193486590039 0.2749640804597701 0.2789750957854406
0 0.15292744252873564 0.8564415708812261 0.2620330459770115 0.28376436781609193
0 0.06959410919540229 0.9188218390804598 0.13811063218390804 0.16187739463601533
0 0.9689295977011494 0.0217911877394636 0.0610632183908046 0.0435823754789272
0 0.9893139367816092 0.7429358237547893 0.018857758620689655 0.06776819923371648
0 0.8088182471264368 0.9001436781609196 0.2530531609195402 0.19444444444444445
