0 0.3474317528735632 0.2813697318007663 0.21461925287356323 0.24329501915708812
0 0.07228807471264367 0.10201149425287356 0.1434985632183908 0.2006704980842912
0 0.09249281609195402 0.0494492337164751 0.08189655172413793 0.09075670498084291
0 0.031698994252873564 0.3726053639846743 0.06339798850574713 0.30268199233716475
0 0.11826508620689655 0.3311781609195402 0.18085488505747127 0.27011494252873564
0 0.061242816091954026 0.8278256704980843 0.11853448275862069 0.3390804597701149
0 0.15714798850574713 0.7145593869731801 0.1540948275862069 0.3620689655172414
0 0.390625 0.7484434865900383 0.1314655172413793 0.30340038314176243
0 0.2670617816091954 0.08177681992337164 0.21156609195402298 0.1621168582375479
0 0.45851293103448276 0.1481082375478927 0.21048850574712644 0.29477969348659006
0 0.6336206896551724 0.26436781609195403 0.17672413793103448 0.1968390804597701
0 0.6601113505747126 0.2640086206896552 0.2839439655172414 0.19133141762452108
0 0.5319683908045977 0.3829022988505747 0.28879310344827586 0.16187739463601533
0 0.602191091954023 0.5512452107279694 0.15768678160919541 0.29454022988505746
0 0.7922054597701149 0.3931992337164751 0.20689655172413793 0.2614942528735632
0 0.8853268678160919 0.45162835249042144 0.22467672413793102 0.3074712643678161
0 0.6188038793103449 0.7646072796934866 0.23006465517241378 0.21743295019157088
0 0.2655352011494253 0.9172653256704981 0.11619971264367816 0.15876436781609196
0 0.15660919540229884 0.9082854406130269 0.09734195402298851 0.17385057471264367
0 0.9197198275862069 0.7326388888888888 0.15589080459770116 0.3067528735632184
0 0.8438397988505747 0.8065134099616859 0.2365301724137931 0.1700191570881226
0 0.8897270114942529 0.9468390804597702 0.08548850574712644 0.09961685823754789
0 0.7925646551724138 0.9262452107279694 0.1469109195402299 0.14224137931034483
0 0.6060524425287356 0.9238505747126436 0.11440373563218391 0.14703065134099616
0 0.6944145114942529 0.867816091954023 0.18193247126436782 0.25287356321839083
0 0.5573814655172413 0.10141283524904214 0.15463362068965517 0.16594827586206898
0 0.6884877873563219 0.05639367816091954 0.24263649425287356 0.11278735632183907
0 0.7166846264367817 0.6211685823754789 0.20061063218390804 0.1685823754789272
0 0.5472341954022989 0.7610153256704981 0.05962643678160919 0.07950191570881227
0 0.4930854885057471 0.8970306513409961 0.13380028735632185 0.20450191570881227
0 0.3619791666666667 0.9075670498084292 0.14026580459770116 0.18199233716475097
