0 0.12850215517241378 0.7391044061302682 0.20492097701149425 0.491139846743295
1 0.3655711206896552 0.609794061302682 0.14816810344827586 0.4408524904214559
0 0.6793283045977011 0.3726053639846743 0.352191091954023 0.22270114942528735
0 0.6384698275862069 0.4534243295019157 0.3045977011494253 0.2861590038314176
0 0.8697018678160919 0.5714798850574713 0.25700431034482757 0.22772988505747127
0 0.8077406609195402 0.1198515325670498 0.23006465517241378 0.2397030651340996
0 0.12895114942528735 0.1119492337164751 0.2507183908045977 0.21910919540229884
0 0.5017959770114943 0.9673132183908046 0.2579022988505747 0.06345785440613026
0 0.8230064655172413 0.9331896551724138 0.35398706896551724 0.13170498084291188
0 0.5942887931034483 0.05627394636015326 0.22018678160919541 0.11254789272030652
0 0.9452227011494253 0.07722701149425287 0.10775862068965517 0.15445402298850575
