0 0.04786278735632184 0.24449233716475097 0.09572557471264367 0.12978927203065135
0 0.2516163793103448 0.19001436781609196 0.33979885057471265 0.38242337164750956
1 0.24236709770114942 0.4425287356321839 0.4103807471264368 0.342911877394636
0 0.4103807471264368 0.8004070881226054 0.2952586206896552 0.39727011494252873
1 0.6230244252873564 0.9230124521072797 0.36386494252873564 0.14727011494252873
0 0.10955459770114942 0.8139367816091954 0.21731321839080459 0.3702107279693487
0 0.06447557471264367 0.6913314176245211 0.1271551724137931 0.1968390804597701
1 0.8750897988505747 0.3329741379310345 0.24802442528735633 0.39870689655172414
0 0.8245330459770115 0.23156130268199235 0.28771551724137934 0.4631226053639847
0 0.553430316091954 0.5272988505747126 0.45132902298850575 0.3045977011494253
0 0.600305316091954 0.5936302681992337 0.3464439655172414 0.36015325670498083
0 0.5972521551724138 0.27274904214559387 0.2555675287356322 0.3366858237547893
