0 0.8027119252873564 0.9600095785440613 0.21461925287356323 0.07806513409961686
0 0.9085847701149425 0.7849616858237548 0.1810344827586207 0.24760536398467434
1 0.6648706896551724 0.7873563218390804 0.4141522988505747 0.34195402298850575
0 0.5236170977011494 0.14295977011494254 0.39924568965517243 0.2686781609195402
0 0.4800646551724138 0.16906130268199235 0.24892241379310345 0.34051724137931033
0 0.9577945402298851 0.04585727969348659 0.08261494252873564 0.09171455938697318
0 0.8188757183908046 0.07794540229885058 0.33423132183908044 0.15589080459770116
0 0.5960847701149425 0.3132183908045977 0.3714080459770115 0.4578544061302682
1 0.6819324712643678 0.47976532567049807 0.3444683908045977 0.5237068965517241
0 0.17825071839080459 0.3181273946360153 0.35650143678160917 0.29477969348659006
0 0.2507183908045977 0.5466954022988506 0.4048132183908046 0.3132183908045977
0 0.06267959770114942 0.5508860153256705 0.1235632183908046 0.34650383141762453
0 0.0227191091954023 0.7607758620689655 0.04184626436781609 0.11254789272030652
0 0.15876436781609196 0.03532088122605364 0.08908045977011494 0.07064176245210728
