0 0.1307471264367816 0.6246408045977011 0.25897988505747127 0.17409003831417624
0 0.18301005747126436 0.5557950191570882 0.2413793103448276 0.45450191570881227
0 0.32417385057471265 0.2361111111111111 0.2122844827586207 0.28400383141762453
0 0.46497844827586204 0.12272509578544061 0.23814655172413793 0.24018199233716475
0 0.23536278735632185 0.05675287356321839 0.27173132183908044 0.1082375478927203
0 0.08036997126436782 0.17636494252873564 0.15822557471264367 0.19995210727969348
0 0.16316451149425287 0.08692528735632184 0.10829741379310345 0.09147509578544061
0 0.5585488505747126 0.05627394636015326 0.13793103448275862 0.10919540229885058
0 0.959680316091954 0.12691570881226052 0.078125 0.25191570881226055
0 0.8153735632183908 0.320522030651341 0.36673850574712646 0.24976053639846743
0 0.7208153735632183 0.4747365900383142 0.18516522988505746 0.35129310344827586
0 0.06241020114942529 0.7388649425287356 0.12338362068965517 0.2210249042145594
0 0.33459051724137934 0.8536877394636015 0.2999281609195402 0.2907088122605364
0 0.5283764367816092 0.780411877394636 0.12931034482758622 0.39990421455938696
0 0.8336027298850575 0.7969348659003831 0.2494612068965517 0.4042145593869732
0 0.923760775862069 0.8880507662835249 0.1499640804597701 0.21863026819923373
0 0.0873742816091954 0.3043582375478927 0.1725933908045977 0.33189655172413796
