0 0.37006106321839083 0.821360153256705 0.34823994252873564 0.3553639846743295
1 0.6810344827586207 0.7113266283524904 0.5283764367816092 0.33548850574712646
0 0.9024784482758621 0.17397030651340997 0.1932471264367816 0.34794061302681994
0 0.728448275862069 0.017361111111111112 0.07327586206896551 0.032327586206896554
0 0.6197916666666666 0.22413793103448276 0.28304597701149425 0.3764367816091954
0 0.4364224137931034 0.38493773946360155 0.20797413793103448 0.54477969348659
0 0.453125 0.10943486590038314 0.21731321839080459 0.21886973180076627
0 0.22099497126436782 0.11757662835249043 0.33997844827586204 0.23275862068965517
0 0.08584770114942529 0.1869013409961686 0.17169540229885058 0.3738026819923372
0 0.09006824712643678 0.4221743295019157 0.18013649425287356 0.25766283524904215
0 0.022270114942528736 0.5174808429118773 0.04274425287356322 0.32950191570881227
