0 0.9249281609195402 0.9339080459770115 0.14295977011494254 0.1235632183908046
0 0.8370150862068966 0.12188697318007663 0.3234554597701149 0.23754789272030652
0 0.21866020114942528 0.8503352490421456 0.2052801724137931 0.2940613026819923
0 0.24685704022988506 0.27717911877394635 0.4911997126436782 0.3364463601532567
0 0.7133620689655172 0.31657088122605365 0.5686063218390804 0.3611111111111111
0 0.7098599137931034 0.7605363984674329 0.2990301724137931 0.4736590038314176
0 0.21919899425287356 0.07974137931034483 0.3493175287356322 0.15948275862068967
0 0.5170617816091954 0.09303160919540229 0.3329741379310345 0.18271072796934865
1 0.40508261494252873 0.44863505747126436 0.6154813218390804 0.3565613026819923
1 0.4536637931034483 0.7543103448275862 0.5158045977011494 0.3328544061302682
