0 0.8019037356321839 0.3690134099616858 0.3297413793103448 0.39990421455938696
0 0.6470007183908046 0.3075909961685824 0.19558189655172414 0.4164272030651341
0 0.5451688218390804 0.05914750957854406 0.32489224137931033 0.11159003831417624
0 0.10066451149425287 0.250838122605364 0.19306752873563218 0.3690134099616858
0 0.16567887931034483 0.5065852490421456 0.33135775862068967 0.18893678160919541
0 0.08423132183908046 0.6774425287356322 0.1648706896551724 0.22078544061302682
1 0.4866199712643678 0.8274664750957854 0.3223778735632184 0.23635057471264367
0 0.2208153735632184 0.787595785440613 0.38200431034482757 0.25862068965517243
0 0.16505028735632185 0.3135775862068966 0.1512212643678161 0.2310823754789272
0 0.5 0.1801963601532567 0.3369252873563218 0.24113984674329503
