0 0.03214798850574713 0.25742337164750956 0.06429597701149425 0.08141762452107279
0 0.2649066091954023 0.31872605363984674 0.1968390804597701 0.3017241379310345
0 0.4652478448275862 0.3969109195402299 0.15930316091954022 0.3690134099616858
0 0.21111709770114942 0.9382183908045977 0.08387212643678162 0.11542145593869732
0 0.17016882183908047 0.9717432950191571 0.038613505747126436 0.05172413793103448
0 0.2600574712643678 0.9127155172413793 0.05316091954022988 0.07351532567049808
0 0.593121408045977 0.3134578544061303 0.1370330459770115 0.39798850574712646
0 0.6882183908045977 0.446360153256705 0.12931034482758622 0.31226053639846746
0 0.6570581896551724 0.6155411877394636 0.1769037356321839 0.27274904214559387
0 0.6643318965517241 0.7960967432950191 0.2413793103448276 0.15828544061302682
0 0.766882183908046 0.8663793103448276 0.1372126436781609 0.26053639846743293
0 0.8688936781609196 0.7138409961685823 0.26221264367816094 0.1896551724137931
0 0.8685344827586207 0.571360153256705 0.2604166666666667 0.15996168582375478
0 0.8403376436781609 0.3645833333333333 0.18570402298850575 0.3024425287356322
0 0.9262751436781609 0.40433429118773945 0.14493534482758622 0.3139367816091954
0 0.44558189655172414 0.9298371647509579 0.09626436781609195 0.13553639846743296
0 0.5452586206896551 0.9477969348659003 0.10416666666666667 0.09961685823754789
0 0.6485272988505747 0.9464798850574713 0.11135057471264367 0.10225095785440613
0 0.8435704022988506 0.9057710727969349 0.14367816091954022 0.18702107279693486
0 0.9413613505747126 0.9097222222222222 0.11476293103448276 0.17911877394636017
0 0.5465158045977011 0.6181752873563219 0.14224137931034483 0.2674808429118774
