0 0.13604525862068967 0.03220785440613027 0.2609554597701149 0.0668103448275862
0 0.5849497126436781 0.42840038314176243 0.48455459770114945 0.2796934865900383
0 0.9359734195402298 0.9093630268199234 0.12625718390804597 0.17696360153256704
0 0.5928520114942529 0.9582136015325671 0.09949712643678162 0.0792624521072797
0 0.39439655172413796 0.9133141762452107 0.12033045977011494 0.15996168582375478
0 0.24093031609195403 0.8615900383141762 0.2052801724137931 0.27490421455938696
0 0.4276221264367816 0.7391044061302682 0.42061781609195403 0.24018199233716475
0 0.20474137931034483 0.44947318007662834 0.40948275862068967 0.34913793103448276
0 0.4949712643678161 0.9266044061302682 0.0923132183908046 0.14152298850574713
0 0.6292205459770115 0.6563697318007663 0.4014008620689655 0.20162835249042146
0 0.8515625 0.36757662835249044 0.2957974137931034 0.30028735632183906
0 0.8962823275862069 0.3438697318007663 0.20276580459770116 0.30507662835249044
0 0.7071659482758621 0.1556513409961686 0.5820761494252874 0.30986590038314177
