0 0.7980423850574713 0.865301724137931 0.4021192528735632 0.2674808429118774
0 0.6926185344827587 0.20150862068965517 0.1725933908045977 0.3967911877394636
0 0.724676724137931 0.6182950191570882 0.3760775862068966 0.39990421455938696
0 0.4772808908045977 0.6170977011494253 0.25808189655172414 0.6053639846743295
0 0.8514727011494253 0.13805076628352492 0.29346264367816094 0.27370689655172414
0 0.10721982758620689 0.7298850574712644 0.21264367816091953 0.5335249042145593
0 0.8960129310344828 0.914272030651341 0.20438218390804597 0.1671455938697318
0 0.5818067528735632 0.1853448275862069 0.22000718390804597 0.3706896551724138
0 0.5172413793103449 0.8839798850574713 0.34913793103448276 0.23012452107279693
0 0.4077765804597701 0.43235153256704983 0.2192887931034483 0.5136494252873564
1 0.35326867816091956 0.2616139846743295 0.33548850574712646 0.5198754789272031
