0 0.6404454022988506 0.09554597701149425 0.2568247126436782 0.1910919540229885
0 0.6267061781609196 0.10272988505747127 0.304058908045977 0.19875478927203066
0 0.16567887931034483 0.9534243295019157 0.08459051724137931 0.08836206896551724
0 0.08171695402298851 0.8461446360153256 0.1591235632183908 0.29669540229885055
0 0.8461745689655172 0.49580938697318006 0.23545258620689655 0.3474616858237548
0 0.07192887931034483 0.18546455938697318 0.13882902298850575 0.36278735632183906
0 0.9210668103448276 0.17828065134099616 0.1528376436781609 0.351772030651341
0 0.8609913793103449 0.7256944444444444 0.27478448275862066 0.23730842911877395
0 0.1802262931034483 0.5894396551724138 0.28573994252873564 0.2397030651340996
0 0.5529813218390804 0.9056513409961686 0.41846264367816094 0.18151340996168583
0 0.49542025862068967 0.8435105363984674 0.2221623563218391 0.3091475095785441
0 0.6429597701149425 0.8505747126436781 0.10596264367816093 0.1082375478927203
0 0.35129310344827586 0.1446360153256705 0.1939655172413793 0.2916666666666667
0 0.2942708333333333 0.8181273946360154 0.1973778735632184 0.15349616858237547
0 0.5754310344827587 0.6782806513409961 0.3024425287356322 0.26939655172413796
0 0.3233656609195402 0.6744492337164751 0.38523706896551724 0.3575191570881226
0 0.9299568965517241 0.3959530651340996 0.13829022988505746 0.18893678160919541
0 0.17564655172413793 0.265205938697318 0.23527298850574713 0.5280172413793104
0 0.33881106321839083 0.4236111111111111 0.27173132183908044 0.28160919540229884
0 0.5310704022988506 0.4341475095785441 0.3793103448275862 0.36877394636015326
0 0.9517780172413793 0.5711206896551724 0.09428879310344827 0.13505747126436782
