0 0.8978987068965517 0.26053639846743293 0.2024066091954023 0.28879310344827586
0 0.8850574712643678 0.3960727969348659 0.2280890804597701 0.21455938697318008
0 0.7572737068965517 0.21192528735632185 0.33782327586206895 0.24904214559386972
0 0.6734913793103449 0.4215756704980843 0.15517241379310345 0.3761973180076628
0 0.49542025862068967 0.28879310344827586 0.18085488505747127 0.3874521072796935
1 0.4871587643678161 0.27274904214559387 0.2771192528735632 0.24473180076628354
0 0.5375359195402298 0.09698275862068965 0.13972701149425287 0.19300766283524903
0 0.9420797413793104 0.9427681992337165 0.11260775862068965 0.11063218390804598
1 0.5876436781609196 0.8128591954022989 0.3573994252873563 0.2507183908045977
0 0.2510775862068966 0.8202825670498084 0.18211206896551724 0.35560344827586204
0 0.38730244252873564 0.8800287356321839 0.171875 0.2361111111111111
0 0.41531968390804597 0.6396072796934866 0.23114224137931033 0.19300766283524903
0 0.5999461206896551 0.6136254789272031 0.2853807471264368 0.2899904214559387
0 0.055046695402298854 0.5824952107279694 0.11009339080459771 0.39487547892720304
0 0.07776580459770115 0.6532567049808429 0.15589080459770116 0.1417624521072797
0 0.08333333333333333 0.8395593869731801 0.16594827586206898 0.3194444444444444
0 0.664691091954023 0.016882183908045977 0.1476293103448276 0.032806513409961685
0 0.44665948275862066 0.06417624521072797 0.05100574712643678 0.12739463601532566
