0 0.6218570402298851 0.28987068965517243 0.32417385057471265 0.5035919540229885
0 0.4750359195402299 0.10057471264367816 0.18929597701149425 0.19636015325670497
0 0.7713721264367817 0.9428879310344828 0.13577586206896552 0.11182950191570881
0 0.3847880747126437 0.741139846743295 0.3927801724137931 0.2868773946360153
0 0.22458692528735633 0.6035680076628352 0.44198994252873564 0.30962643678160917
0 0.11790589080459771 0.8660201149425287 0.2322198275862069 0.26556513409961685
0 0.1518498563218391 0.4619252873563218 0.28933189655172414 0.3045977011494253
0 0.35272988505747127 0.29346264367816094 0.2999281609195402 0.5510057471264368
0 0.11476293103448276 0.2077346743295019 0.22593390804597702 0.4130747126436782
0 0.047323994252873564 0.7232998084291188 0.09464798850574713 0.5107758620689655
0 0.052262931034482756 0.07147988505747127 0.10272988505747127 0.14295977011494254
0 0.22988505747126436 0.019636015325670497 0.11530172413793104 0.036877394636015325
