0 0.39233117816091956 0.13972701149425287 0.17151580459770116 0.27945402298850575
0 0.5546875 0.11817528735632184 0.2293462643678161 0.2296455938697318
0 0.3926903735632184 0.11099137931034483 0.25341235632183906 0.21767241379310345
0 0.07103089080459771 0.0966235632183908 0.13667385057471265 0.18893678160919541
0 0.7226113505747126 0.9086446360153256 0.14206178160919541 0.17792145593869732
0 0.04840158045977012 0.8521312260536399 0.09500718390804598 0.2943007662835249
0 0.27792744252873564 0.5611829501915708 0.30908764367816094 0.2674808429118774
0 0.5136494252873564 0.6804358237547893 0.2568247126436782 0.24736590038314177
0 0.21084770114942528 0.8566810344827587 0.34375 0.2310823754789272
0 0.8728448275862069 0.5672892720306514 0.2510775862068966 0.4870689655172414
0 0.36170977011494254 0.3584770114942529 0.21623563218390804 0.4228927203065134
0 0.5948275862068966 0.8633860153256705 0.14260057471264367 0.2684386973180077
0 0.7228807471264368 0.5622605363984674 0.24281609195402298 0.21216475095785442
0 0.4208872126436782 0.8970306513409961 0.22359913793103448 0.19875478927203066
0 0.060075431034482756 0.3954741379310345 0.11835488505747127 0.3335727969348659
0 0.10641163793103449 0.16894157088122605 0.21210488505747127 0.3378831417624521
0 0.8001077586206896 0.09554597701149425 0.23455459770114942 0.1839080459770115
0 0.9705459770114943 0.9289990421455939 0.05675287356321839 0.12332375478927203
