0 0.20842313218390804 0.5834530651340997 0.32525143678160917 0.3115421455938697
1 0.3094468390804598 0.12284482758620689 0.32794540229885055 0.24568965517241378
1 0.32695761494252873 0.23060344827586207 0.18516522988505746 0.4564176245210728
0 0.5220007183908046 0.7816091954022989 0.19055316091954022 0.43726053639846746
0 0.5830639367816092 0.8301005747126436 0.18336925287356323 0.3402777777777778
0 0.6774425287356322 0.405411877394636 0.17600574712643677 0.3797892720306513
0 0.5615122126436781 0.08740421455938698 0.21210488505747127 0.17480842911877395
0 0.11503232758620689 0.8457854406130269 0.22826867816091953 0.3065134099616858
0 0.8548850574712644 0.18091475095785442 0.288433908045977 0.3306992337164751
0 0.7780172413793104 0.6123084291187739 0.40876436781609193 0.2289272030651341
0 0.9222341954022989 0.4522270114942529 0.1555316091954023 0.2310823754789272
0 0.8728448275862069 0.6816331417624522 0.2543103448275862 0.22772988505747127
0 0.8544360632183908 0.4270833333333333 0.2839439655172414 0.18558429118773948
0 0.7969647988505747 0.3602729885057471 0.09357040229885058 0.15636973180076627
0 0.9141522988505747 0.021551724137931036 0.16989942528735633 0.04310344827586207
