0 0.0483117816091954 0.13338122605363983 0.09482758620689655 0.26676245210727967
0 0.11673850574712644 0.5475335249042146 0.23168103448275862 0.2789750957854406
0 0.33306393678160917 0.21455938697318008 0.1284123563218391 0.42432950191570884
1 0.44656968390804597 0.25862068965517243 0.24191810344827586 0.5196360153256705
0 0.6813936781609196 0.4129549808429119 0.35811781609195403 0.40684865900383144
0 0.7521551724137931 0.6983955938697318 0.28376436781609193 0.6003352490421456
0 0.9130747126436781 0.4365421455938697 0.17205459770114942 0.5804597701149425
0 0.8376436781609196 0.07064176245210728 0.11637931034482758 0.1388888888888889
0 0.7055495689655172 0.1476293103448276 0.2408405172413793 0.2952586206896552
0 0.938128591954023 0.08560823754789272 0.12015086206896551 0.17121647509578544
0 0.1591235632183908 0.15062260536398467 0.23635057471264367 0.2988505747126437
0 0.4520474137931034 0.9780890804597702 0.061422413793103446 0.040948275862068964
0 0.8408764367816092 0.935823754789272 0.1469109195402299 0.12547892720306514
