0 0.2151580459770115 0.8330938697318008 0.29920977011494254 0.3342911877394636
0 0.16666666666666666 0.5463362068965517 0.29561781609195403 0.38817049808429116
0 0.6491558908045977 0.31573275862068967 0.5436422413793104 0.3378831417624521
0 0.6021012931034483 0.48862547892720304 0.5562140804597702 0.36661877394636017
0 0.8638649425287356 0.545617816091954 0.2686781609195402 0.6985153256704981
0 0.3818247126436782 0.24976053639846743 0.4583333333333333 0.3486590038314176
0 0.5139188218390804 0.08920019157088123 0.17079741379310345 0.17600574712643677
0 0.7466774425287356 0.1701388888888889 0.30549568965517243 0.3402777777777778
0 0.9191810344827587 0.1198515325670498 0.1598419540229885 0.2397030651340996
0 0.018857758620689655 0.7039032567049809 0.035919540229885055 0.11709770114942529
