0 0.555944683908046 0.6196120689655172 0.24515086206896552 0.2828065134099617
0 0.37940014367816094 0.3192049808429119 0.21210488505747127 0.37787356321839083
0 0.7626616379310345 0.28388409961685823 0.2095905172413793 0.47054597701149425
1 0.5792025862068966 0.6446360153256705 0.3081896551724138 0.17337164750957854
0 0.6864224137931034 0.798132183908046 0.31896551724137934 0.1867816091954023
0 0.15535201149425287 0.5159243295019157 0.22126436781609196 0.35129310344827586
0 0.2059087643678161 0.8230363984674329 0.17977729885057472 0.34913793103448276
0 0.8538074712643678 0.8738026819923371 0.21120689655172414 0.24952107279693486
0 0.04678520114942529 0.15134099616858238 0.09357040229885058 0.13936781609195403
0 0.6304777298850575 0.07459291187739464 0.06806752873563218 0.1467911877394636
0 0.0816271551724138 0.04633620689655173 0.16145833333333334 0.08836206896551724
0 0.047234195402298854 0.4225335249042146 0.09446839080459771 0.42073754789272033
0 0.2684087643678161 0.032567049808429116 0.09105603448275862 0.06513409961685823
0 0.16073994252873564 0.18785919540229884 0.20725574712643677 0.37332375478927204
0 0.3757183908045977 0.7877155172413793 0.16666666666666666 0.41977969348659006
0 0.34249281609195403 0.4796455938697318 0.2697557471264368 0.22557471264367815
