0 0.4911099137931034 0.875 0.24730603448275862 0.16283524904214558
0 0.7940014367816092 0.6397270114942529 0.20330459770114942 0.32159961685823757
0 0.4943426724137931 0.5959051724137931 0.29040948275862066 0.19755747126436782
0 0.7077945402298851 0.5417863984674329 0.11745689655172414 0.3263888888888889
0 0.8372844827586207 0.16163793103448276 0.2686781609195402 0.15086206896551724
0 0.4707255747126437 0.13409961685823754 0.2762212643678161 0.1824712643678161
0 0.5625897988505747 0.24377394636015326 0.2429956896551724 0.2696360153256705
0 0.677801724137931 0.24018199233716475 0.22701149425287356 0.2418582375478927
0 0.8084590517241379 0.3328544061302682 0.12446120689655173 0.27346743295019155
0 0.9223239942528736 0.46707375478927204 0.1528376436781609 0.20378352490421456
0 0.9389367816091954 0.3074712643678161 0.11961206896551724 0.13745210727969348
0 0.4573455459770115 0.4433668582375479 0.18085488505747127 0.13769157088122605
0 0.5352909482758621 0.4082854406130268 0.08171695402298851 0.12260536398467432
0 0.5752514367816092 0.0305316091954023 0.1440373563218391 0.05771072796934866
0 0.43570402298850575 0.22725095785440613 0.11386494252873564 0.07183908045977011
0 0.046875 0.8647030651340997 0.09015804597701149 0.2686781609195402
0 0.41936063218390807 0.06872605363984674 0.18426724137931033 0.1360153256704981
0 0.615301724137931 0.3852969348659004 0.16235632183908047 0.30603448275862066
0 0.5806393678160919 0.5450191570881227 0.16056034482758622 0.13840996168582376
0 0.9354346264367817 0.09722222222222222 0.12446120689655173 0.19444444444444445
