0 0.02783764367816092 0.5110153256704981 0.05316091954022988 0.3261494252873563
0 0.10946479885057471 0.6613984674329502 0.21641522988505746 0.21408045977011494
0 0.2704741379310345 0.6443965517241379 0.12643678160919541 0.30411877394636017
0 0.22332974137931033 0.46120689655172414 0.25377155172413796 0.19300766283524903
0 0.1960308908045977 0.17756226053639848 0.2124640804597701 0.34794061302681994
0 0.3698814655172414 0.28987068965517243 0.20204741379310345 0.17217432950191572
0 0.38658405172413796 0.2587404214559387 0.13954741379310345 0.37236590038314177
0 0.4131645114942529 0.4559386973180077 0.14816810344827586 0.35919540229885055
0 0.5661817528735632 0.43235153256704983 0.17510775862068967 0.2756226053639847
0 0.06977370689655173 0.9158285440613027 0.1370330459770115 0.16690613026819923
0 0.2252155172413793 0.9293582375478927 0.23024425287356323 0.13457854406130268
0 0.5262212643678161 0.15301724137931033 0.13829022988505746 0.30411877394636017
0 0.6091954022988506 0.11278735632183907 0.14439655172413793 0.2222222222222222
0 0.6550826149425287 0.32662835249042144 0.14960488505747127 0.23515325670498086
0 0.7233297413793104 0.48443486590038315 0.12984913793103448 0.335727969348659
0 0.8193247126436781 0.08872126436781609 0.3010057471264368 0.17409003831417624
0 0.8449173850574713 0.22042624521072796 0.19486350574712644 0.27274904214559387
0 0.6205998563218391 0.7728687739463601 0.24982040229885058 0.1592432950191571
1 0.7593390804597702 0.8795498084291188 0.2629310344827586 0.1724137931034483
0 0.8157327586206896 0.734794061302682 0.2464080459770115 0.21240421455938696
0 0.5279274425287356 0.9792863984674329 0.16002155172413793 0.036637931034482756
0 0.6836386494252874 0.5744731800766284 0.05190373563218391 0.08045977011494253
0 0.9511494252873564 0.2767001915708812 0.09770114942528736 0.2143199233716475
0 0.8518318965517241 0.44073275862068967 0.19145114942528735 0.21863026819923373
0 0.9350754310344828 0.49102011494252873 0.1284123563218391 0.17744252873563218
0 0.9242995689655172 0.3265086206896552 0.14744971264367815 0.16690613026819923
0 0.7046515804597702 0.9626436781609196 0.12266522988505747 0.06800766283524905
0 0.22431752873563218 0.31441570881226055 0.1271551724137931 0.17576628352490423
0 0.03277658045977012 0.8323754789272031 0.06555316091954023 0.1068007662835249
0 0.8802981321839081 0.7037835249042146 0.06088362068965517 0.11542145593869732
0 0.8475215517241379 0.5823754789272031 0.19216954022988506 0.1503831417624521
