0 0.9016702586206896 0.4511494252873563 0.19163074712643677 0.28735632183908044
0 0.9496228448275862 0.7847222222222222 0.09823994252873564 0.22365900383141762
0 0.9060704022988506 0.8486590038314177 0.1853448275862069 0.2974137931034483
0 0.774066091954023 0.8494971264367817 0.17959770114942528 0.29573754789272033
0 0.25080818965517243 0.7872365900383141 0.12482040229885058 0.2789750957854406
0 0.2860093390804598 0.7847222222222222 0.30872844827586204 0.2136015325670498
0 0.17169540229885058 0.9354645593869731 0.3117816091954023 0.12523946360153257
0 0.4092133620689655 0.8948754789272031 0.18839798850574713 0.2049808429118774
0 0.30082614942528735 0.9476772030651341 0.10524425287356322 0.10081417624521073
0 0.16316451149425287 0.7716714559386973 0.17905890804597702 0.24113984674329503
0 0.05109554597701149 0.8453065134099617 0.09823994252873564 0.30411877394636017
0 0.3188757183908046 0.5074233716475096 0.14744971264367815 0.3510536398467433
0 0.4246587643678161 0.5263409961685823 0.10326867816091954 0.23084291187739464
0 0.3500359195402299 0.6238026819923371 0.10272988505747127 0.1336206896551724
0 0.499371408045977 0.7095306513409961 0.22108477011494254 0.1772030651340996
0 0.5380747126436781 0.8562021072796935 0.2180316091954023 0.2823275862068966
0 0.5718390804597702 0.9692289272030651 0.1469109195402299 0.05962643678160919
0 0.6206896551724138 0.8150143678160919 0.1612787356321839 0.3680555555555556
0 0.6276041666666666 0.6075191570881227 0.2911278735632184 0.20162835249042146
0 0.7623922413793104 0.4779693486590038 0.18642241379310345 0.42528735632183906
0 0.8591954022988506 0.18570402298850575 0.2765804597701149 0.366139846743295
0 0.7788254310344828 0.16965996168582376 0.30872844827586204 0.33596743295019155
0 0.5579202586206896 0.45162835249042144 0.2350933908045977 0.3486590038314176
0 0.5359195402298851 0.22306034482758622 0.13290229885057472 0.32351532567049807
0 0.40238864942528735 0.3045977011494253 0.20348419540229884 0.22940613026819923
0 0.39448635057471265 0.1068007662835249 0.18013649425287356 0.21168582375478928
0 0.06330818965517242 0.4280411877394636 0.12410201149425287 0.1300287356321839
0 0.20950071839080459 0.4826388888888889 0.06878591954022989 0.07974137931034483
0 0.2114762931034483 0.34063697318007663 0.19845545977011494 0.30148467432950193
0 0.14394755747126436 0.062140804597701146 0.1492456896551724 0.12092911877394635
0 0.23823635057471265 0.10847701149425287 0.15750718390804597 0.21168582375478928
0 0.07094109195402298 0.2986111111111111 0.13793103448275862 0.2796934865900383
0 0.09985632183908046 0.1555316091954023 0.19719827586206898 0.3091475095785441
