0 0.5014367816091954 0.7932231800766284 0.26795977011494254 0.4106800766283525
0 0.7641882183908046 0.8217193486590039 0.2984913793103448 0.35368773946360155
0 0.7251257183908046 0.8769157088122606 0.3116020114942529 0.24329501915708812
0 0.9470186781609196 0.9177442528735632 0.10416666666666667 0.15876436781609196
0 0.7893318965517241 0.5482519157088123 0.4177442528735632 0.2928639846743295
0 0.42932830459770116 0.6046455938697318 0.2279094827586207 0.6163793103448276
0 0.4795258620689655 0.30938697318007663 0.4640804597701149 0.3807471264367816
0 0.4618354885057471 0.10416666666666667 0.2315014367816092 0.20593869731800765
0 0.8813757183908046 0.08620689655172414 0.2315014367816092 0.16475095785440613
0 0.9163074712643678 0.31501436781609193 0.16379310344827586 0.4638409961685824
