0 0.0397808908045977 0.6376915708812261 0.07561063218390805 0.1278735632183908
0 0.05109554597701149 0.46467911877394635 0.09823994252873564 0.12428160919540229
0 0.024335488505747127 0.39655172413793105 0.047234195402298854 0.13936781609195403
0 0.33144755747126436 0.3726053639846743 0.27101293103448276 0.31513409961685823
0 0.4937140804597701 0.7515565134099617 0.39762931034482757 0.35368773946360155
0 0.2687679597701149 0.7587404214559387 0.22252155172413793 0.48060344827586204
0 0.11880387931034483 0.6839080459770115 0.23760775862068967 0.34626436781609193
0 0.9325610632183908 0.36374521072796934 0.13236350574712644 0.19157088122605365
0 0.9019396551724138 0.18738026819923373 0.19468390804597702 0.23012452107279693
0 0.9000538793103449 0.07315613026819924 0.19845545977011494 0.141044061302682
0 0.35129310344827586 0.040708812260536395 0.10272988505747127 0.07806513409961686
0 0.6603807471264368 0.5532806513409961 0.4802442528735632 0.29477969348659006
