1 0.38397988505747127 0.29226532567049807 0.43570402298850575 0.2962164750957854
1 0.6267959770114943 0.6982758620689655 0.2036637931034483 0.5560344827586207
0 0.4423491379310345 0.4595306513409962 0.399066091954023 0.22126436781609196
0 0.04597701149425287 0.0755507662835249 0.09195402298850575 0.15349616858237547
0 0.1392780172413793 0.1672653256704981 0.2785560344827586 0.2962164750957854
0 0.4852729885057471 0.8267480842911877 0.2025862068965517 0.34410919540229884
0 0.8477909482758621 0.5762691570881227 0.3026221264367816 0.3690134099616858
0 0.8491379310344828 0.8411159003831418 0.2661637931034483 0.31537356321839083
0 0.36108117816091956 0.9428879310344828 0.12410201149425287 0.10943486590038314
0 0.5719288793103449 0.7470067049808429 0.31698994252873564 0.47485632183908044
0 0.06429597701149425 0.641044061302682 0.12679597701149425 0.21312260536398467
0 0.19198994252873564 0.6333812260536399 0.2535919540229885 0.26436781609195403
0 0.28080100574712646 0.6011733716475096 0.2365301724137931 0.5261015325670498
0 0.06115301724137931 0.5005986590038314 0.12051005747126436 0.2511973180076628
0 0.10713002873563218 0.8279454022988506 0.2124640804597701 0.17504789272030652
