0 0.1917205459770115 0.2391044061302682 0.2372485632183908 0.48012452107279696
1 0.30423850574712646 0.48659003831417624 0.3272270114942529 0.18869731800766285
0 0.6073096264367817 0.350933908045977 0.18085488505747127 0.41259578544061304
0 0.4489942528735632 0.19025383141762453 0.1824712643678161 0.38242337164750956
0 0.4224137931034483 0.3402777777777778 0.2629310344827586 0.22413793103448276
0 0.47629310344827586 0.6071599616858238 0.2130028735632184 0.2559865900383142
1 0.5061063218390804 0.7905890804597702 0.26113505747126436 0.3656609195402299
0 0.3204022988505747 0.8049568965517241 0.15193965517241378 0.38817049808429116
0 0.3999640804597701 0.8573994252873564 0.1648706896551724 0.28520114942528735
0 0.14188218390804597 0.8848180076628352 0.25969827586206895 0.22844827586206898
0 0.3968211206896552 0.9796455938697318 0.044360632183908046 0.040229885057471264
