0 0.16702586206896552 0.5410680076628352 0.30280172413793105 0.2995689655172414
0 0.2555675287356322 0.7253352490421456 0.23239942528735633 0.48419540229885055
0 0.4172054597701149 0.5344827586206896 0.14224137931034483 0.36590038314176243
0 0.38873922413793105 0.8358477011494253 0.15642959770114942 0.3278256704980843
0 0.23733836206896552 0.9210967432950191 0.15642959770114942 0.15541187739463602
0 0.5227191091954023 0.6226053639846744 0.11727729885057471 0.39798850574712646
0 0.6527478448275862 0.7296455938697318 0.2153376436781609 0.36590038314176243
0 0.6119791666666666 0.5846503831417624 0.15930316091954022 0.3714080459770115
0 0.8571300287356322 0.8092672413793104 0.22323994252873564 0.3771551724137931
0 0.9711745689655172 0.904573754789272 0.05477729885057471 0.18845785440613028
