0 0.8774245689655172 0.875838122605364 0.24335488505747127 0.24401340996168583
0 0.9364224137931034 0.3794300766283525 0.1235632183908046 0.5136494252873564
0 0.938757183908046 0.07303639846743296 0.11889367816091954 0.14128352490421456
1 0.8328843390804598 0.18941570881226052 0.24155890804597702 0.3764367816091954
0 0.6434087643678161 0.23084291187739464 0.18193247126436782 0.4592911877394636
0 0.4168462643678161 0.054477969348659006 0.10021551724137931 0.10895593869731801
1 0.328753591954023 0.27729885057471265 0.33423132183908044 0.4976053639846743
0 0.38254310344827586 0.6227250957854407 0.2952586206896552 0.4853927203065134
0 0.2684087643678161 0.8406369731800766 0.21354166666666666 0.3168103448275862
0 0.08126795977011494 0.16965996168582376 0.16073994252873564 0.3393199233716475
0 0.046875 0.022868773946360152 0.09375 0.043342911877394634
0 0.017151580459770114 0.5161637931034483 0.032507183908045974 0.09650383141762452
0 0.14619252873563218 0.41846264367816094 0.23670977011494254 0.601772030651341
