0 0.2526041666666667 0.5501676245210728 0.36224856321839083 0.2282088122605364
0 0.7285380747126436 0.5134099616858238 0.18875718390804597 0.4674329501915709
0 0.7948994252873564 0.02813697318007663 0.11961206896551724 0.05292145593869732
0 0.6131465517241379 0.03675766283524904 0.09626436781609195 0.07016283524904214
0 0.8265086206896551 0.14846743295019157 0.34698275862068967 0.2533524904214559
0 0.9794360632183908 0.3712883141762452 0.03394396551724138 0.17983716475095785
0 0.05459770114942529 0.021192528735632182 0.10668103448275862 0.03903256704980843
0 0.15068247126436782 0.3516522988505747 0.2988505747126437 0.19707854406130268
0 0.10964439655172414 0.18055555555555555 0.21677442528735633 0.2672413793103448
0 0.19225933908045978 0.11805555555555555 0.18301005747126436 0.22988505747126436
0 0.11494252873563218 0.4940134099616858 0.2273706896551724 0.19061302681992337
0 0.5656429597701149 0.12667624521072796 0.18875718390804597 0.25
