0 0.5994971264367817 0.34099616858237547 0.17708333333333334 0.4109195402298851
0 0.44154094827586204 0.18283045977011494 0.18372844827586207 0.3670977011494253
0 0.18085488505747127 0.23718869731800765 0.23814655172413793 0.4743773946360153
1 0.5003591954022989 0.7744252873563219 0.25862068965517243 0.36302681992337166
0 0.2967852011494253 0.48227969348659006 0.3292025862068966 0.18486590038314177
0 0.41226652298850575 0.3306992337164751 0.2613146551724138 0.210727969348659
0 0.4728807471264368 0.5973419540229885 0.2137212643678161 0.2511973180076628
0 0.13245330459770116 0.8856561302681992 0.2562859195402299 0.22341954022988506
0 0.31842672413793105 0.8048371647509579 0.14439655172413793 0.3850574712643678
0 0.3949353448275862 0.8510536398467433 0.16594827586206898 0.28879310344827586
0 0.3913433908045977 0.9728208812260536 0.060704022988505746 0.04717432950191571
