0 0.3218390804597701 0.21767241379310345 0.3699712643678161 0.4339080459770115
0 0.44396551724137934 0.5971024904214559 0.42205459770114945 0.2741858237547893
0 0.6985452586206896 0.4638409961685824 0.2401221264367816 0.5105363984674329
0 0.07758620689655173 0.5765086206896551 0.1540948275862069 0.36757662835249044
0 0.04885057471264368 0.8817049808429118 0.0966235632183908 0.22988505747126436
0 0.664691091954023 0.7843630268199234 0.18785919540229884 0.41977969348659006
0 0.3067528735632184 0.5034722222222222 0.3089080459770115 0.17217432950191572
0 0.2896012931034483 0.837404214559387 0.24119971264367815 0.3218390804597701
0 0.2036637931034483 0.8353687739463601 0.40014367816091956 0.3239942528735632
0 0.4436961206896552 0.8848180076628352 0.10614224137931035 0.22509578544061304
0 0.5033225574712644 0.7405411877394636 0.2620330459770115 0.14056513409961685
0 0.8651221264367817 0.875 0.2672413793103448 0.24664750957854406
0 0.516882183908046 0.15529214559386972 0.23814655172413793 0.3057950191570881
