0 0.07543103448275862 0.584051724137931 0.15086206896551724 0.32471264367816094
0 0.3010057471264368 0.7887931034482759 0.25862068965517243 0.41810344827586204
0 0.3670977011494253 0.8013649425287356 0.2686781609195402 0.3953544061302682
0 0.5417564655172413 0.6564894636015326 0.3234554597701149 0.21096743295019157
0 0.6505028735632183 0.7379070881226054 0.25323275862068967 0.18702107279693486
0 0.6383800287356322 0.4941331417624521 0.24335488505747127 0.14487547892720307
1 0.7834949712643678 0.5571120689655172 0.31627155172413796 0.2325191570881226
0 0.4964080459770115 0.4630028735632184 0.16989942528735633 0.32926245210727967
0 0.5939295977011494 0.43366858237547895 0.07902298850574713 0.16283524904214558
0 0.6963900862068966 0.3233955938697318 0.30908764367816094 0.35704022988505746
0 0.7632902298850575 0.09877873563218391 0.2579022988505747 0.19755747126436782
0 0.8710488505747126 0.16115900383141762 0.2507183908045977 0.2696360153256705
0 0.779364224137931 0.3253113026819923 0.024245689655172414 0.0610632183908046
0 0.8885596264367817 0.24796455938697318 0.20851293103448276 0.46479885057471265
0 0.4133441091954023 0.09398946360153257 0.23904454022988506 0.18558429118773948
0 0.16307471264367815 0.0850095785440613 0.31896551724137934 0.1700191570881226
0 0.13389008620689655 0.2078544061302682 0.24443247126436782 0.4109195402298851
