0 0.45132902298850575 0.728448275862069 0.20869252873563218 0.5378352490421456
1 0.37113864942528735 0.27143199233716475 0.23581178160919541 0.540948275862069
0 0.24730603448275862 0.7385057471264368 0.19935344827586207 0.42049808429118773
0 0.12957974137931033 0.41726532567049807 0.25664511494252873 0.6721743295019157
1 0.5756106321839081 0.6488266283524904 0.20150862068965517 0.5591475095785441
0 0.07327586206896551 0.8542863984674329 0.14188218390804597 0.2861590038314176
0 0.3463541666666667 0.9676724137931034 0.1442169540229885 0.05938697318007663
0 0.9870689655172413 0.5853687739463601 0.02586206896551724 0.12954980842911878
0 0.9630926724137931 0.8542863984674329 0.0738146551724138 0.28903256704980845
0 0.2508979885057471 0.7878352490421456 0.30711206896551724 0.4190613026819923
