0 0.15463362068965517 0.16822318007662834 0.30711206896551724 0.2535919540229885
0 0.17295258620689655 0.405411877394636 0.1997126436781609 0.2921455938697318
0 0.374371408045977 0.31657088122605365 0.17726293103448276 0.3065134099616858
1 0.3485991379310345 0.5727969348659003 0.20294540229885058 0.41522988505747127
0 0.40660919540229884 0.9589319923371648 0.2244971264367816 0.07590996168582376
0 0.65625 0.4918582375478927 0.22988505747126436 0.282088122605364
0 0.834051724137931 0.04370210727969349 0.10847701149425287 0.08740421455938698
0 0.8738326149425287 0.13673371647509577 0.24802442528735633 0.27346743295019155
0 0.9538433908045977 0.26568486590038315 0.08800287356321838 0.2593390804597701
0 0.8185165229885057 0.46910919540229884 0.19127155172413793 0.43103448275862066
0 0.6616379310344828 0.22270114942528735 0.2492816091954023 0.41954022988505746
0 0.6589439655172413 0.8465038314176245 0.3103448275862069 0.303639846743295
0 0.8308189655172413 0.7576628352490421 0.33620689655172414 0.30938697318007663
0 0.8250718390804598 0.8244731800766284 0.3480603448275862 0.3481800766283525
1 0.6690912356321839 0.20186781609195403 0.2677801724137931 0.30268199233716475
1 0.4927262931034483 0.49712643678160917 0.13882902298850575 0.4118773946360153
0 0.033045977011494254 0.5684865900383141 0.06321839080459771 0.09913793103448276
0 0.03735632183908046 0.04741379310344827 0.07219827586206896 0.09339080459770115
