0 0.2905890804597701 0.6995929118773946 0.32435344827586204 0.2971743295019157
0 0.5327765804597702 0.5762691570881227 0.2911278735632184 0.3330938697318008
0 0.48877514367816094 0.7917863984674329 0.2516163793103448 0.280411877394636
0 0.6617277298850575 0.5486111111111112 0.20743534482758622 0.18199233716475097
1 0.5516343390804598 0.296455938697318 0.2588002873563218 0.23850574712643677
0 0.5704920977011494 0.36721743295019155 0.352191091954023 0.2238984674329502
0 0.23581178160919541 0.3599137931034483 0.3171695402298851 0.2959770114942529
0 0.06375718390804598 0.5744731800766284 0.1257183908045977 0.3079501915708812
0 0.1455639367816092 0.20306513409961685 0.28933189655172414 0.2624521072796935
0 0.46991738505747127 0.13421934865900384 0.17977729885057472 0.2684386973180077
0 0.10380747126436782 0.06824712643678162 0.20761494252873564 0.13649425287356323
0 0.798760775862069 0.25275383141762453 0.39709051724137934 0.24449233716475097
0 0.10874640804597702 0.9128352490421456 0.21210488505747127 0.1724137931034483
0 0.7920258620689655 0.10835727969348659 0.4141522988505747 0.21192528735632185
0 0.06375718390804598 0.8637452107279694 0.1257183908045977 0.08620689655172414
0 0.9622844827586207 0.16475095785440613 0.07183908045977011 0.25526819923371646
