0 0.12948994252873564 0.6246408045977011 0.25897988505747127 0.2636494252873563
1 0.2813397988505747 0.48096264367816094 0.24694683908045978 0.701867816091954
0 0.5100574712643678 0.8945162835249042 0.22341954022988506 0.2042624521072797
0 0.6945941091954023 0.8795498084291188 0.33423132183908044 0.23659003831417624
0 0.4958692528735632 0.7100095785440613 0.16522988505747127 0.1867816091954023
0 0.6007543103448276 0.5510057471264368 0.19863505747126436 0.13122605363984674
1 0.7446120689655172 0.4433668582375479 0.2636494252873563 0.4853927203065134
0 0.9229525862068966 0.8647030651340997 0.15229885057471265 0.2686781609195402
0 0.9164870689655172 0.5886015325670498 0.16522988505747127 0.3874521072796935
0 0.716864224137931 0.7328783524904214 0.49766522988505746 0.3417145593869732
