0 0.899694683908046 0.09901819923371648 0.19881465517241378 0.19803639846743296
0 0.6193426724137931 0.0806992337164751 0.19630028735632185 0.1613984674329502
0 0.3927801724137931 0.05028735632183908 0.2568247126436782 0.10057471264367816
0 0.42627514367816094 0.13577586206896552 0.1980962643678161 0.2739463601532567
0 0.1044360632183908 0.14798850574712644 0.20707614942528735 0.2959770114942529
0 0.2179418103448276 0.4462404214559387 0.31986350574712646 0.2871168582375479
0 0.2921156609195402 0.16187739463601533 0.28250718390804597 0.321360153256705
0 0.5721084770114943 0.36506226053639845 0.18480603448275862 0.22629310344827586
0 0.6905531609195402 0.19659961685823754 0.1598419540229885 0.3931992337164751
0 0.7220725574712644 0.5131704980842912 0.32058189655172414 0.32806513409961685
0 0.5799209770114943 0.4049329501915709 0.34626436781609193 0.23754789272030652
1 0.5272988505747126 0.7527538314176245 0.3239942528735632 0.21096743295019157
0 0.052173132183908046 0.7886733716475096 0.10434626436781609 0.27849616858237547
0 0.24811422413793102 0.9002634099616859 0.3223778735632184 0.19659961685823754
0 0.10659123563218391 0.39978448275862066 0.21318247126436782 0.3852969348659004
