0 0.15310704022988506 0.10775862068965517 0.2990301724137931 0.210727969348659
0 0.39197198275862066 0.2465277777777778 0.4463002873563218 0.29765325670498083
0 0.43354885057471265 0.42265325670498083 0.399066091954023 0.19061302681992337
1 0.5880028735632183 0.6922892720306514 0.21336206896551724 0.5440613026819924
0 0.7861889367816092 0.8463840996168582 0.23114224137931033 0.30483716475095785
0 0.8410560344827587 0.5851293103448276 0.3160919540229885 0.2703544061302682
0 0.42852011494252873 0.8023227969348659 0.1839080459770115 0.39056513409961685
0 0.048670977011494254 0.48455459770114945 0.09554597701149425 0.12380268199233717
0 0.05495689655172414 0.36721743295019155 0.10632183908045977 0.23204022988505746
0 0.2683189655172414 0.9160680076628352 0.17600574712643677 0.16546934865900384
0 0.3785919540229885 0.9725814176245211 0.11781609195402298 0.05244252873563218
0 0.09105603448275862 0.7185105363984674 0.18031609195402298 0.17025862068965517
0 0.15535201149425287 0.5344827586206896 0.305316091954023 0.26676245210727967
0 0.2647270114942529 0.5316091954022989 0.20797413793103448 0.5368773946360154
0 0.5290948275862069 0.7244971264367817 0.27945402298850575 0.5035919540229885
