0 0.7530531609195402 0.5651340996168582 0.3764367816091954 0.49616858237547895
1 0.6042564655172413 0.5596264367816092 0.37877155172413796 0.5627394636015326
0 0.3805675287356322 0.5165229885057471 0.3829022988505747 0.44492337164750956
0 0.2536817528735632 0.9507902298850575 0.20743534482758622 0.09650383141762452
0 0.42420977011494254 0.9744971264367817 0.16774425287356323 0.045737547892720304
0 0.10847701149425287 0.21767241379310345 0.20617816091954022 0.4339080459770115
0 0.3541666666666667 0.1983955938697318 0.23994252873563218 0.3934386973180077
0 0.8331537356321839 0.08776340996168583 0.18785919540229884 0.17552681992337166
0 0.9377693965517241 0.09051724137931035 0.11979166666666667 0.17768199233716475
0 0.07974137931034483 0.5338840996168582 0.1569683908045977 0.4513888888888889
0 0.22404813218390804 0.2647270114942529 0.17654454022988506 0.5280172413793104
0 0.6017420977011494 0.1497844827586207 0.21102729885057472 0.2962164750957854
0 0.8224676724137931 0.9267241379310345 0.3514727011494253 0.14319923371647508
0 0.546246408045977 0.5005986590038314 0.25915948275862066 0.4260057471264368
0 0.09276221264367816 0.8868534482758621 0.18301005747126436 0.22437739463601533
