0 0.8607219827586207 0.058788314176245214 0.11691810344827586 0.11518199233716475
0 0.4559087643678161 0.24760536398467434 0.2526939655172414 0.4976053639846743
0 0.9433369252873564 0.2165948275862069 0.11153017241379311 0.4307950191570881
0 0.5273886494252874 0.545617816091954 0.23042385057471265 0.49018199233716475
0 0.29454022988505746 0.09375 0.45905172413793105 0.18893678160919541
0 0.27209051724137934 0.09937739463601533 0.2905890804597701 0.19731800766283525
0 0.6281429597701149 0.8201628352490421 0.2645474137931034 0.3553639846743295
0 0.6150323275862069 0.8623084291187739 0.49299568965517243 0.2710727969348659
0 0.8747306034482759 0.8562021072796935 0.24910201149425287 0.2861590038314176
0 0.29516882183908044 0.9372605363984674 0.17726293103448276 0.12404214559386974
0 0.010326867816091954 0.48287835249042144 0.019576149425287355 0.04909003831417624
0 0.0412176724137931 0.03747605363984674 0.07776580459770115 0.07351532567049808
