0 0.9103807471264368 0.8957136015325671 0.17349137931034483 0.2042624521072797
0 0.5933010057471264 0.8888888888888888 0.1355962643678161 0.22030651340996169
0 0.5199353448275862 0.8851772030651341 0.16163793103448276 0.22772988505747127
0 0.23868534482758622 0.914272030651341 0.17456896551724138 0.16475095785440613
0 0.4099317528735632 0.8281848659003831 0.21641522988505746 0.3417145593869732
0 0.7743354885057471 0.4883860153256705 0.26742097701149425 0.226772030651341
0 0.7567349137931034 0.3101053639846743 0.34357040229885055 0.3577586206896552
0 0.5297234195402298 0.179477969348659 0.2257543103448276 0.3541666666666667
0 0.20707614942528735 0.20797413793103448 0.16163793103448276 0.18797892720306514
0 0.35982399425287354 0.1046455938697318 0.16433189655172414 0.12260536398467432
0 0.06546336206896551 0.11075191570881227 0.13092672413793102 0.21910919540229884
0 0.21120689655172414 0.7007902298850575 0.4188218390804598 0.24257662835249041
0 0.20572916666666666 0.4272030651340996 0.24048132183908047 0.3366858237547893
0 0.623742816091954 0.6125478927203065 0.20581896551724138 0.5723180076628352
0 0.3802083333333333 0.5286159003831418 0.3074712643678161 0.5347222222222222
1 0.38721264367816094 0.27298850574712646 0.3843390804597701 0.5234674329501916
0 0.5101472701149425 0.6381704980842912 0.08818247126436782 0.2389846743295019
