0 0.2059087643678161 0.6373323754789272 0.26239224137931033 0.19228927203065135
0 0.2704741379310345 0.743654214559387 0.23527298850574713 0.1635536398467433
0 0.47737068965517243 0.7243773946360154 0.2137212643678161 0.21408045977011494
0 0.3337823275862069 0.9219348659003831 0.25448994252873564 0.15469348659003831
0 0.33836206896551724 0.8664990421455939 0.06968390804597702 0.0821360153256705
0 0.47907686781609193 0.9102011494252874 0.24586925287356323 0.17672413793103448
0 0.24982040229885058 0.3715277777777778 0.14044540229885058 0.3690134099616858
0 0.5369971264367817 0.5354406130268199 0.2636494252873563 0.17576628352490423
0 0.7436242816091954 0.6841475095785441 0.12338362068965517 0.3314176245210728
0 0.9313936781609196 0.8393199233716475 0.1278735632183908 0.31800766283524906
0 0.8415948275862069 0.508022030651341 0.1278735632183908 0.37763409961685823
0 0.3583872126436782 0.34327107279693486 0.18157327586206898 0.2579022988505747
0 0.29938936781609193 0.02442528735632184 0.09375 0.04549808429118774
0 0.7468570402298851 0.4143917624521073 0.1783405172413793 0.3287835249042146
0 0.5170617816091954 0.3518917624521073 0.14619252873563218 0.2650862068965517
0 0.4724317528735632 0.13685344827586207 0.27747844827586204 0.2650862068965517
0 0.4445941091954023 0.26317049808429116 0.15068247126436782 0.14846743295019157
0 0.9360632183908046 0.59375 0.12535919540229884 0.1678639846743295
0 0.4092133620689655 0.595426245210728 0.1625359195402299 0.20617816091954022
0 0.7262033045977011 0.33536877394636017 0.09105603448275862 0.09698275862068965
0 0.6229346264367817 0.36075191570881227 0.11943247126436782 0.26317049808429116
0 0.5717492816091954 0.1853448275862069 0.1442169540229885 0.2274904214559387
0 0.5363685344827587 0.2801724137931034 0.07596982758620689 0.1039272030651341
