0 0.11233836206896551 0.6487068965517241 0.22288074712643677 0.2792145593869732
0 0.2272808908045977 0.7367097701149425 0.38092672413793105 0.3426724137931034
0 0.37517959770114945 0.46599616858237547 0.2920258620689655 0.35201149425287354
0 0.42726293103448276 0.4109195402298851 0.32435344827586204 0.19875478927203066
1 0.5354705459770115 0.5373563218390804 0.2749640804597701 0.3486590038314176
0 0.5327765804597702 0.7157567049808429 0.1384698275862069 0.23850574712643677
0 0.46632543103448276 0.21024904214559387 0.1725933908045977 0.29118773946360155
0 0.4425287356321839 0.2012691570881226 0.25969827586206895 0.3115421455938697
0 0.6948635057471264 0.2731082375478927 0.2719109195402299 0.2636494252873563
0 0.6330818965517241 0.1133860153256705 0.19647988505747127 0.226772030651341
0 0.008351293103448275 0.8477011494252874 0.015625 0.05028735632183908
0 0.7667025862068966 0.02478448275862069 0.1257183908045977 0.04956896551724138
0 0.9119073275862069 0.22641283524904215 0.1725933908045977 0.39056513409961685
0 0.9173850574712644 0.19468390804597702 0.16343390804597702 0.38936781609195403
0 0.9182830459770115 0.02993295019157088 0.09877873563218391 0.05986590038314176
