0 0.29660560344827586 0.30256226053639845 0.5860272988505747 0.37667624521072796
1 0.4250179597701149 0.6331417624521073 0.5569324712643678 0.44396551724137934
1 0.4067887931034483 0.16331417624521072 0.29310344827586204 0.31417624521072796
0 0.6922593390804598 0.2687978927203065 0.3011853448275862 0.5313697318007663
0 0.8745510057471264 0.1439176245210728 0.2437140804597701 0.28448275862068967
0 0.1284123563218391 0.8605124521072797 0.2543103448275862 0.27370689655172414
0 0.6043462643678161 0.9121168582375478 0.11135057471264367 0.17049808429118773
0 0.7479346264367817 0.6830699233716475 0.5016163793103449 0.4906609195402299
0 0.3624281609195402 0.8667385057471264 0.37464080459770116 0.26412835249042144
1 0.9073275862068966 0.42995689655172414 0.1781609195402299 0.6784003831417624
