0 0.10470545977011494 0.24916187739463602 0.20761494252873564 0.49832375478927204
0 0.756555316091954 0.3911637931034483 0.32525143678160917 0.7392241379310345
0 0.5206537356321839 0.6505028735632183 0.36745689655172414 0.5701628352490421
0 0.8692528735632183 0.8211206896551724 0.2614942528735632 0.35584291187739464
0 0.7870869252873564 0.9086446360153256 0.19773706896551724 0.18318965517241378
0 0.8674568965517241 0.4870689655172414 0.26329022988505746 0.4420498084291188
0 0.968121408045977 0.07423371647509579 0.06375718390804598 0.14846743295019157
0 0.9627334770114943 0.23239942528735633 0.07273706896551724 0.10560344827586207
0 0.1343390804597701 0.9565373563218391 0.08728448275862069 0.0850095785440613
0 0.05298132183908046 0.953544061302682 0.10416666666666667 0.0886015325670498
0 0.7048311781609196 0.7913074712643678 0.08171695402298851 0.1664272030651341
0 0.9586925287356322 0.6139846743295019 0.08261494252873564 0.1882183908045977
