0 0.07103089080459771 0.09698275862068965 0.14206178160919541 0.14032567049808428
0 0.03017241379310345 0.22641283524904215 0.0603448275862069 0.2665229885057471
0 0.7982219827586207 0.3739224137931034 0.26167385057471265 0.4135536398467433
0 0.7816989942528736 0.6517001915708812 0.304058908045977 0.3599137931034483
0 0.8372844827586207 0.11997126436781609 0.3254310344827586 0.23659003831417624
0 0.811871408045977 0.8863745210727969 0.37482040229885055 0.22533524904214558
0 0.36530172413793105 0.45390325670498083 0.25395114942528735 0.2914272030651341
0 0.47692169540229884 0.4039750957854406 0.24838362068965517 0.30938697318007663
0 0.3769755747126437 0.6998323754789272 0.28520114942528735 0.23826628352490423
0 0.41361350574712646 0.874161877394636 0.3444683908045977 0.23060344827586207
