1 0.6647808908045977 0.4339080459770115 0.2990301724137931 0.8654214559386973
0 0.46875 0.12919061302681992 0.27873563218390807 0.2607758620689655
0 0.16298491379310345 0.8577586206896551 0.2526939655172414 0.282088122605364
1 0.41073994252873564 0.7583812260536399 0.26795977011494254 0.48084291187739464
0 0.5790229885057471 0.6827107279693486 0.13649425287356323 0.14415708812260536
0 0.6883979885057471 0.8654214559386973 0.38936781609195403 0.2595785440613027
0 0.46120689655172414 0.9553400383141762 0.14367816091954022 0.08453065134099617
0 0.8691630747126436 0.5887212643678161 0.2598778735632184 0.7272509578544061
0 0.9624640804597702 0.8547653256704981 0.07327586206896551 0.2880747126436782
0 0.852191091954023 0.11542145593869732 0.2938218390804598 0.23084291187739464
