0 0.11494252873563218 0.49161877394636017 0.2273706896551724 0.5737547892720306
0 0.3253412356321839 0.8605124521072797 0.3270474137931034 0.27370689655172414
0 0.6494252873563219 0.76352969348659 0.17349137931034483 0.2579022988505747
0 0.9330998563218391 0.7533524904214559 0.1312859195402299 0.125
0 0.9513290229885057 0.9143917624521073 0.09734195402298851 0.16882183908045978
0 0.8405172413793104 0.7205459770114943 0.07507183908045977 0.10632183908045977
0 0.8247126436781609 0.8739224137931034 0.2941810344827586 0.2377873563218391
0 0.6061422413793104 0.8957136015325671 0.30711206896551724 0.19372605363984674
0 0.8873922413793104 0.5814176245210728 0.22270114942528735 0.23132183908045978
0 0.7426364942528736 0.4547413793103448 0.40912356321839083 0.2595785440613027
0 0.5550466954022989 0.3045977011494253 0.4207974137931034 0.31561302681992337
0 0.405621408045977 0.5781848659003831 0.18516522988505746 0.5534003831417624
0 0.5433728448275862 0.6744492337164751 0.20061063218390804 0.5112547892720306
