0 0.6386494252873564 0.2470067049808429 0.1555316091954023 0.4082854406130268
0 0.4463900862068966 0.3923611111111111 0.15319683908045978 0.5040708812260536
0 0.5714798850574713 0.4191810344827586 0.1713362068965517 0.5241858237547893
0 0.3119612068965517 0.15469348659003831 0.3225574712643678 0.30411877394636017
0 0.06797772988505747 0.1793582375478927 0.13451867816091953 0.2092911877394636
0 0.16630747126436782 0.12056992337164751 0.21048850574712644 0.23922413793103448
0 0.9202586206896551 0.29442049808429116 0.15804597701149425 0.5687260536398467
0 0.8213002873563219 0.35237068965517243 0.35344827586206895 0.24449233716475097
0 0.608117816091954 0.027777777777777776 0.16882183908045978 0.05220306513409962
0 0.18624281609195403 0.39798850574712646 0.36602011494252873 0.2859195402298851
0 0.4076867816091954 0.9342672413793104 0.3390804597701149 0.12619731800766285
0 0.24452227011494254 0.8787116858237548 0.4322916666666667 0.23730842911877395
