0 0.28924209770114945 0.27274904214559387 0.4635416666666667 0.30507662835249044
0 0.44665948275862066 0.4701867816091954 0.2151580459770115 0.5534003831417624
0 0.7182112068965517 0.3959530651340996 0.4594109195402299 0.2986111111111111
0 0.1647808908045977 0.6197318007662835 0.3094468390804598 0.37308429118773945
0 0.6751975574712644 0.14343869731800765 0.4078663793103448 0.2868773946360153
0 0.6822018678160919 0.5496886973180076 0.3651221264367816 0.2238984674329502
0 0.4866199712643678 0.7737068965517241 0.4836566091954023 0.3160919540229885
0 0.2682291666666667 0.8456657088122606 0.3076508620689655 0.30340038314176243
0 0.5243354885057471 0.8903256704980843 0.36799568965517243 0.21408045977011494
0 0.8805675287356322 0.5429837164750958 0.23527298850574713 0.40301724137931033
0 0.9466594827586207 0.9112787356321839 0.10201149425287356 0.17409003831417624
0 0.048042385057471264 0.8286637931034483 0.09249281609195402 0.33740421455938696
0 0.9261853448275862 0.7468869731800766 0.14655172413793102 0.21024904214559387
0 0.6875897988505747 0.8278256704980843 0.17438936781609196 0.3390804597701149
0 0.9333692528735632 0.17420977011494254 0.13218390804597702 0.2741858237547893
