0 0.5022449712643678 0.5146072796934866 0.1840876436781609 0.4813218390804598
0 0.023617097701149427 0.41965996168582376 0.047234195402298854 0.18893678160919541
0 0.05387931034482758 0.7199473180076629 0.10632183908045977 0.42169540229885055
0 0.061422413793103446 0.9712643678160919 0.12033045977011494 0.05220306513409962
0 0.04822198275862069 0.0668103448275862 0.09500718390804598 0.12691570881226052
0 0.1426903735632184 0.18354885057471265 0.2828663793103448 0.2579022988505747
0 0.11790589080459771 0.4697078544061303 0.21426005747126436 0.5174808429118773
0 0.34554597701149425 0.7053400383141762 0.3232758620689655 0.46815134099616856
0 0.30019755747126436 0.13912835249042146 0.17331178160919541 0.27298850574712646
0 0.4360632183908046 0.1606800766283525 0.18283045977011494 0.31800766283524906
0 0.5472341954022989 0.025981800766283526 0.04849137931034483 0.04525862068965517
0 0.849676724137931 0.20761494252873564 0.21982758620689655 0.40660919540229884
0 0.9618354885057471 0.20378352490421456 0.0738146551724138 0.40565134099616856
0 0.9599497126436781 0.9049329501915708 0.07758620689655173 0.18486590038314177
