0 0.4536637931034483 0.7495210727969349 0.1648706896551724 0.2442528735632184
0 0.4656070402298851 0.790948275862069 0.3428520114942529 0.23419540229885058
0 0.2990301724137931 0.4119971264367816 0.2948994252873563 0.2674808429118774
0 0.29867097701149425 0.44516283524904215 0.20474137931034483 0.41762452107279696
0 0.6201508620689655 0.8655411877394636 0.22126436781609196 0.26412835249042144
1 0.49084051724137934 0.38493773946360155 0.1781609195402299 0.34794061302681994
0 0.08072916666666667 0.42528735632183906 0.15499281609195403 0.19875478927203066
0 0.042205459770114945 0.7036637931034483 0.08117816091954023 0.10847701149425287
0 0.03151939655172414 0.7793342911877394 0.061242816091954026 0.1424808429118774
0 0.13173491379310345 0.9052921455938697 0.2634698275862069 0.18654214559386972
0 0.31896551724137934 0.0319683908045977 0.08117816091954023 0.06633141762452108
0 0.7000718390804598 0.36889367816091956 0.17744252873563218 0.46623563218390807
0 0.8599137931034483 0.15086206896551724 0.27837643678160917 0.2950191570881226
0 0.17941810344827586 0.5942289272030651 0.29022988505747127 0.2349137931034483
0 0.5516343390804598 0.5969827586206896 0.12661637931034483 0.34674329501915707
