1 0.41442169540229884 0.4697078544061303 0.6108117816091954 0.35799808429118773
0 0.45357399425287354 0.7769396551724138 0.5264008620689655 0.3393199233716475
1 0.25323275862068967 0.0828544061302682 0.3423132183908046 0.1657088122605364
0 0.5527119252873564 0.1148227969348659 0.3177083333333333 0.22341954022988506
0 0.20985991379310345 0.8542863984674329 0.2038433908045977 0.2861590038314176
0 0.6980962643678161 0.7768199233716475 0.2941810344827586 0.44396551724137934
0 0.2555675287356322 0.2792145593869732 0.5086206896551724 0.3448275862068966
0 0.7221623563218391 0.3626676245210728 0.5484913793103449 0.35943486590038315
0 0.8475215517241379 0.15014367816091953 0.3024425287356322 0.2907088122605364
0 0.9478268678160919 0.9620450191570882 0.09967672413793104 0.07351532567049808
