0 0.5792025862068966 0.4885057471264368 0.13685344827586207 0.34674329501915707
0 0.7033045977011494 0.7631704980842912 0.3563218390804598 0.43486590038314177
0 0.7796336206896551 0.6364942528735632 0.2834051724137931 0.5325670498084292
1 0.4929058908045977 0.282088122605364 0.23581178160919541 0.3232758620689655
0 0.22036637931034483 0.5069444444444444 0.3110632183908046 0.2260536398467433
0 0.20851293103448276 0.19576149425287356 0.3785919540229885 0.31441570881226055
0 0.38155531609195403 0.8645833333333334 0.2796336206896552 0.2689176245210728
0 0.21641522988505746 0.7776580459770115 0.28089080459770116 0.25407088122605365
0 0.8627873563218391 0.1336206896551724 0.2704741379310345 0.26197318007662834
0 0.9433369252873564 0.5112547892720306 0.109375 0.4760536398467433
0 0.12957974137931033 0.8948754789272031 0.15607040229885058 0.20881226053639848
0 0.059267241379310345 0.7842432950191571 0.11853448275862069 0.15517241379310345
0 0.05190373563218391 0.5846503831417624 0.10093390804597702 0.40014367816091956
0 0.4489044540229885 0.9424090038314177 0.2394037356321839 0.11182950191570881
0 0.421875 0.5154454022988506 0.19719827586206898 0.18893678160919541
0 0.6909123563218391 0.101772030651341 0.2697557471264368 0.1997126436781609
0 0.3068426724137931 0.09937739463601533 0.20456178160919541 0.1968390804597701
0 0.6355962643678161 0.9157088122605364 0.28089080459770116 0.1671455938697318
