0 0.5041307471264368 0.5064655172413793 0.32830459770114945 0.1939655172413793
0 0.5907866379310345 0.8699712643678161 0.1312859195402299 0.2547892720306513
0 0.5726472701149425 0.06561302681992337 0.35757902298850575 0.13122605363984674
0 0.4865301724137931 0.8339319923371648 0.18283045977011494 0.32686781609195403
0 0.8557830459770115 0.795617816091954 0.288433908045977 0.40349616858237547
0 0.48186063218390807 0.2361111111111111 0.19216954022988506 0.40948275862068967
0 0.38451867816091956 0.7025862068965517 0.19468390804597702 0.3922413793103448
0 0.9425287356321839 0.5603448275862069 0.11242816091954023 0.3922413793103448
0 0.7244971264367817 0.8776340996168582 0.3681752873563218 0.24233716475095785
0 0.6529274425287356 0.6713362068965517 0.3493175287356322 0.23587164750957854
0 0.7291666666666666 0.39080459770114945 0.34698275862068967 0.4875478927203065
0 0.2579022988505747 0.23994252873563218 0.33045977011494254 0.4549808429118774
0 0.19522270114942528 0.47126436781609193 0.3879310344827586 0.3577586206896552
0 0.2719109195402299 0.7268917624521073 0.41738505747126436 0.2406609195402299
0 0.6541846264367817 0.45330459770114945 0.35650143678160917 0.30028735632183906
