0 0.8798491379310345 0.03651819923371648 0.23742816091954022 0.07112068965517242
0 0.6335308908045977 0.1423611111111111 0.3579382183908046 0.23730842911877395
0 0.8531788793103449 0.7697557471264368 0.2922054597701149 0.3915229885057471
0 0.8230962643678161 0.44169061302681994 0.22665229885057472 0.2938218390804598
0 0.8592852011494253 0.1684626436781609 0.27999281609195403 0.3330938697318008
0 0.5899784482758621 0.1816331417624521 0.16020114942528735 0.36518199233716475
0 0.20842313218390804 0.1532567049808429 0.19630028735632185 0.30842911877394635
0 0.16738505747126436 0.9226532567049809 0.29094827586206895 0.1532567049808429
0 0.3275862068965517 0.8236350574712644 0.25395114942528735 0.2492816091954023
0 0.548132183908046 0.7772988505747126 0.2216235632183908 0.2686781609195402
0 0.5784841954022989 0.7806513409961686 0.20079022988505746 0.16283524904214558
0 0.5654633620689655 0.8920019157088123 0.27101293103448276 0.21168582375478928
0 0.7906788793103449 0.8957136015325671 0.3295617816091954 0.20665708812260536
0 0.9414511494252874 0.4111590038314176 0.11530172413793104 0.2811302681992337
0 0.9201688218390804 0.6481082375478927 0.15607040229885058 0.21863026819923373
0 0.5069145114942529 0.0428639846743295 0.13272270114942528 0.08333333333333333
0 0.45923132183908044 0.048012452107279696 0.08656609195402298 0.09698275862068965
