0 0.027658045977011495 0.0508860153256705 0.05531609195402299 0.101772030651341
0 0.04597701149425287 0.36302681992337166 0.09410919540229885 0.10919540229885058
0 0.23787715517241378 0.07076149425287356 0.2257543103448276 0.13864942528735633
0 0.43202227011494254 0.5908764367816092 0.2555675287356322 0.2904693486590038
0 0.3230962643678161 0.6550526819923371 0.27227011494252873 0.26556513409961685
0 0.7391343390804598 0.8129789272030651 0.265625 0.36877394636015326
0 0.7291666666666666 0.5532806513409961 0.2101293103448276 0.37763409961685823
0 0.7676903735632183 0.2948994252873563 0.335308908045977 0.2579022988505747
0 0.3374640804597701 0.8837404214559387 0.305316091954023 0.22725095785440613
0 0.9158584770114943 0.09291187739463602 0.16792385057471265 0.18582375478927204
0 0.8272270114942529 0.04465996168582376 0.19647988505747127 0.08931992337164751
0 0.9402837643678161 0.12811302681992337 0.11907327586206896 0.25622605363984674
