0 0.4639906609195402 0.4650383141762452 0.21390086206896552 0.3457854406130268
1 0.21964798850574713 0.38278256704980845 0.3322557471264368 0.19755747126436782
1 0.18624281609195403 0.6556513409961686 0.37248563218390807 0.4018199233716475
0 0.8516522988505747 0.15421455938697318 0.2948994252873563 0.31082375478927204
0 0.4521372126436782 0.8220785440613027 0.21030890804597702 0.3524904214559387
0 0.5734554597701149 0.15672892720306514 0.3563218390804598 0.3158524904214559
0 0.8379130747126436 0.6248802681992337 0.3223778735632184 0.4106800766283525
0 0.6355962643678161 0.3657806513409962 0.2151580459770115 0.49161877394636017
0 0.9317528735632183 0.31657088122605365 0.13469827586206898 0.6307471264367817
0 0.8237248563218391 0.8864942528735632 0.27676005747126436 0.22365900383141762
0 0.7706537356321839 0.6863026819923371 0.2880747126436782 0.32088122605363983
0 0.9365122126436781 0.8461446360153256 0.12517959770114942 0.1453544061302682
0 0.600933908045977 0.7708333333333334 0.25395114942528735 0.4549808429118774
0 0.07255747126436782 0.20222701149425287 0.1411637931034483 0.40684865900383144
0 0.1398168103448276 0.5137691570881227 0.2796336206896552 0.26412835249042144
0 0.21524784482758622 0.8764367816091954 0.32417385057471265 0.24377394636015326
0 0.2265625 0.19204980842911878 0.27676005747126436 0.38409961685823757
