0 0.5213721264367817 0.9456417624521073 0.10524425287356322 0.10296934865900383
0 0.7321300287356322 0.9028975095785441 0.3758979885057471 0.18845785440613028
0 0.9111889367816092 0.7801724137931034 0.17582614942528735 0.4315134099616858
0 0.39727011494252873 0.798132183908046 0.2604166666666667 0.39798850574712646
0 0.5083512931034483 0.6257183908045977 0.3917025862068966 0.47988505747126436
0 0.5292744252873564 0.2710727969348659 0.20833333333333334 0.5445402298850575
0 0.6502334770114943 0.0842911877394636 0.11153017241379311 0.16618773946360152
0 0.9419001436781609 0.08369252873563218 0.11260775862068965 0.1400862068965517
0 0.8981681034482759 0.4595306513409962 0.20007183908045978 0.296455938697318
0 0.7892420977011494 0.034722222222222224 0.1255387931034483 0.06704980842911877
