1 0.3698814655172414 0.19528256704980843 0.2961566091954023 0.2435344827586207
0 0.35748922413793105 0.42325191570881227 0.19594109195402298 0.3024425287356322
0 0.35021551724137934 0.46611590038314177 0.14511494252873564 0.3900862068965517
0 0.10111350574712644 0.6254789272030651 0.20150862068965517 0.36877394636015326
0 0.1414331896551724 0.9855124521072797 0.03933189655172414 0.027059386973180076
0 0.08288433908045977 0.9880268199233716 0.06447557471264367 0.022988505747126436
0 0.05091594827586207 0.9477969348659003 0.10039511494252873 0.10153256704980843
0 0.2552083333333333 0.788433908045977 0.2823275862068966 0.3484195402298851
0 0.2706537356321839 0.9816810344827587 0.04705459770114943 0.033764367816091954
0 0.34545617816091956 0.8862547892720306 0.22683189655172414 0.22557471264367815
0 0.5096084770114943 0.9375 0.2875359195402299 0.11925287356321838
0 0.630926724137931 0.7067768199233716 0.0653735632183908 0.27849616858237547
0 0.5593570402298851 0.6821120689655172 0.14242097701149425 0.24545019157088122
0 0.48563218390804597 0.5607040229885057 0.1846264367816092 0.3460249042145594
0 0.8658405172413793 0.7404214559386973 0.13972701149425287 0.2974137931034483
0 0.736260775862069 0.8909243295019157 0.16145833333333334 0.2152777777777778
0 0.8956537356321839 0.9110392720306514 0.20510057471264367 0.17217432950191572
0 0.7553879310344828 0.6678639846743295 0.24748563218390804 0.27011494252873564
0 0.9253771551724138 0.46048850574712646 0.1463721264367816 0.4329501915708812
0 0.9669540229885057 0.7877155172413793 0.06321839080459771 0.32447318007662834
0 0.5367277298850575 0.8177681992337165 0.30441810344827586 0.23850574712643677
