0 0.4922772988505747 0.6678639846743295 0.08548850574712644 0.18630268199233715
0 0.6852550287356322 0.6121886973180076 0.21785201149425287 0.17025862068965517
0 0.5979705459770115 0.2885536398467433 0.109375 0.27586206896551724
0 0.5968929597701149 0.4986829501915709 0.140625 0.25981800766283525
0 0.5895294540229885 0.7199473180076629 0.234375 0.22437739463601533
0 0.8129489942528736 0.8315373563218391 0.296875 0.2684386973180077
0 0.8433010057471264 0.6833093869731801 0.265625 0.16546934865900384
0 0.900323275862069 0.8345306513409961 0.1939655172413793 0.3113026819923372
0 0.8253412356321839 0.9351053639846744 0.22970545977011494 0.12739463601532566
0 0.6489762931034483 0.9160680076628352 0.13236350574712644 0.16307471264367815
0 0.5032327586206896 0.8602729885057471 0.2216235632183908 0.21336206896551724
0 0.4921875 0.49389367816091956 0.13523706896551724 0.25981800766283525
0 0.4025682471264368 0.29837164750957856 0.06986350574712644 0.28304597701149425
0 0.5229885057471264 0.2101293103448276 0.2280890804597701 0.3690134099616858
0 0.6907327586206896 0.1255986590038314 0.19576149425287356 0.24401340996168583
0 0.7453304597701149 0.34758141762452105 0.1910919540229885 0.3738026819923372
0 0.8257902298850575 0.3364463601532567 0.3336925287356322 0.2389846743295019
0 0.908135775862069 0.12009099616858238 0.17654454022988506 0.23060344827586207
0 0.32857399425287354 0.2745450191570881 0.1370330459770115 0.26700191570881227
0 0.11458333333333333 0.48515325670498083 0.22701149425287356 0.18869731800766285
0 0.2739762931034483 0.5790229885057471 0.30513649425287354 0.1752873563218391
0 0.2385955459770115 0.17217432950191572 0.203125 0.33955938697318006
0 0.2881645114942529 0.4154693486590038 0.328125 0.20593869731800765
0 0.08818247126436782 0.6991139846743295 0.17277298850574713 0.2684386973180077
0 0.06294899425287356 0.3007662835249042 0.12589798850574713 0.2389846743295019
0 0.058548850574712645 0.12535919540229884 0.11494252873563218 0.24880268199233715
0 0.49955100574712646 0.9779693486590039 0.1499640804597701 0.034482758620689655
