0 0.5659123563218391 0.8721264367816092 0.3297413793103448 0.25383141762452105
0 0.8087284482758621 0.8158524904214559 0.3807471264367816 0.36637931034482757
0 0.938757183908046 0.05076628352490421 0.11889367816091954 0.10153256704980843
0 0.8273168103448276 0.2995689655172414 0.32489224137931033 0.3960727969348659
0 0.6332614942528736 0.4883860153256705 0.21551724137931033 0.5361590038314177
0 0.6132363505747126 0.1503831417624521 0.27388649425287354 0.3007662835249042
1 0.6239224137931034 0.025981800766283526 0.08548850574712644 0.05435823754789272
0 0.39295977011494254 0.1751676245210728 0.3602729885057471 0.3417145593869732
0 0.08028017241379311 0.15720785440613028 0.16056034482758622 0.31202107279693486
0 0.13739224137931033 0.5251436781609196 0.2535919540229885 0.5225095785440613
0 0.2614044540229885 0.5286159003831418 0.23293821839080459 0.25263409961685823
0 0.046875 0.5880028735632183 0.09375 0.40110153256704983
0 0.7154274425287356 0.007423371647509579 0.07704741379310345 0.017241379310344827
0 0.25547772988505746 0.24545019157088122 0.21354166666666666 0.4875478927203065
