0 0.15400502873563218 0.6041666666666666 0.3072916666666667 0.3486590038314176
0 0.40238864942528735 0.9318726053639846 0.3453663793103448 0.12954980842911878
0 0.39143318965517243 0.7062978927203065 0.23293821839080459 0.3915229885057471
0 0.2535021551724138 0.9709051724137931 0.09069683908045977 0.05483716475095785
0 0.025592672413793104 0.6162595785440613 0.05046695402298851 0.1875
0 0.11018318965517242 0.803639846743295 0.21785201149425287 0.38936781609195403
0 0.043732040229885055 0.21623563218390804 0.08674568965517242 0.43342911877394635
0 0.3010057471264368 0.22880747126436782 0.1925287356321839 0.4561781609195402
1 0.5602550287356322 0.3193247126436782 0.18624281609195403 0.5146072796934866
0 0.3859554597701149 0.07614942528735633 0.19935344827586207 0.15086206896551724
