1 0.5274784482758621 0.2883141762452107 0.3089080459770115 0.1997126436781609
0 0.3876616379310345 0.5759099616858238 0.3004669540229885 0.2021072796934866
0 0.1520294540229885 0.680316091954023 0.3004669540229885 0.2567049808429119
0 0.13631465517241378 0.7528735632183908 0.18318965517241378 0.3496168582375479
0 0.32417385057471265 0.8708093869731801 0.2094109195402299 0.25550766283524906
0 0.5767780172413793 0.9576149425287356 0.06519396551724138 0.08189655172413793
0 0.49398347701149425 0.9153496168582376 0.1284123563218391 0.16115900383141762
0 0.08045977011494253 0.4874281609195402 0.15732758620689655 0.21096743295019157
0 0.2046515804597701 0.4862308429118774 0.234375 0.14870689655172414
0 0.3301903735632184 0.07507183908045977 0.2548491379310345 0.15014367816091953
0 0.19207974137931033 0.21336206896551724 0.25592672413793105 0.10153256704980843
0 0.2371587643678161 0.3583572796934866 0.24191810344827586 0.29765325670498083
0 0.08135775862068965 0.13266283524904215 0.16091954022988506 0.2629310344827586
0 0.07722701149425287 0.32303639846743293 0.15445402298850575 0.21455938697318008
0 0.20150862068965517 0.10081417624521073 0.23347701149425287 0.19827586206896552
