0 0.4276221264367816 0.296455938697318 0.28879310344827586 0.5905172413793104
0 0.7887931034482759 0.11949233716475095 0.4188218390804598 0.2413793103448276
0 0.8444683908045977 0.5856082375478927 0.3074712643678161 0.3613505747126437
0 0.5623204022988506 0.44516283524904215 0.42995689655172414 0.4281609195402299
0 0.4090337643678161 0.813338122605364 0.35757902298850575 0.36661877394636017
1 0.40238864942528735 0.3262691570881226 0.48150143678160917 0.3057950191570881
0 0.12392241379310345 0.8164511494252874 0.2478448275862069 0.36518199233716475
0 0.5598958333333334 0.7873563218390804 0.42510775862068967 0.3022030651340996
0 0.8170797413793104 0.898227969348659 0.3640445402298851 0.1968390804597701
0 0.2265625 0.9798850574712644 0.055854885057471264 0.038314176245210725
0 0.7660739942528736 0.42995689655172414 0.45348419540229884 0.4111590038314176
