0 0.17932830459770116 0.23814655172413793 0.352191091954023 0.44612068965517243
0 0.41082974137931033 0.1411637931034483 0.30872844827586204 0.27705938697318006
0 0.17420977011494254 0.07902298850574713 0.34339080459770116 0.1527777777777778
0 0.5589080459770115 0.2789750957854406 0.23706896551724138 0.5526819923371648
0 0.7397629310344828 0.036159003831417624 0.26580459770114945 0.07040229885057471
0 0.5739942528735632 0.2881944444444444 0.2798132183908046 0.5711206896551724
0 0.8392600574712644 0.20330459770114942 0.32004310344827586 0.31417624521072796
0 0.8462643678160919 0.5092193486590039 0.3024425287356322 0.38817049808429116
0 0.9457614942528736 0.44360632183908044 0.10704022988505747 0.15445402298850575
0 0.4870689655172414 0.655411877394636 0.4209770114942529 0.27729885057471265
