0 0.5079022988505747 0.8312978927203065 0.3344109195402299 0.33548850574712646
0 0.7772090517241379 0.7471264367816092 0.4437859195402299 0.34770114942528735
0 0.9071479885057471 0.024066091954022987 0.10021551724137931 0.045737547892720304
0 0.7832255747126436 0.2413793103448276 0.3204022988505747 0.38122605363984674
0 0.5997665229885057 0.11829501915708812 0.22288074712643677 0.2389846743295019
0 0.5821659482758621 0.41367337164750956 0.21354166666666666 0.540948275862069
0 0.3679058908045977 0.13062739463601533 0.3338721264367816 0.26125478927203066
0 0.21219468390804597 0.20055076628352492 0.22180316091954022 0.39870689655172414
0 0.20339439655172414 0.4295977011494253 0.24694683908045978 0.2796934865900383
1 0.1044360632183908 0.4141522988505747 0.2088721264367816 0.5510057471264368
0 0.013020833333333334 0.6129070881226054 0.026041666666666668 0.0668103448275862
0 0.048760775862068964 0.07303639846743296 0.09572557471264367 0.14846743295019157
