0 0.5142780172413793 0.4129549808429119 0.08818247126436782 0.25646551724137934
0 0.7264727011494253 0.8403975095785441 0.24748563218390804 0.20665708812260536
0 0.7267420977011494 0.9640804597701149 0.08028017241379311 0.06944444444444445
0 0.859375 0.9379789272030651 0.24389367816091953 0.1206896551724138
0 0.5136494252873564 0.9389367816091954 0.0908764367816092 0.1206896551724138
0 0.8438397988505747 0.6107519157088123 0.22144396551724138 0.3714080459770115
0 0.8618893678160919 0.6350574712643678 0.2711925287356322 0.20019157088122605
0 0.5268498563218391 0.7856800766283525 0.09321120689655173 0.1882183908045977
0 0.6985452586206896 0.4780890804597701 0.13811063218390804 0.22437739463601533
0 0.5920438218390804 0.850933908045977 0.19773706896551724 0.29573754789272033
0 0.5566630747126436 0.6216475095785441 0.15427442528735633 0.23659003831417624
0 0.649066091954023 0.6861829501915708 0.17959770114942528 0.23635057471264367
0 0.6316451149425287 0.4098419540229885 0.26795977011494254 0.24257662835249041
0 0.8683548850574713 0.24437260536398467 0.22306034482758622 0.4873084291187739
0 0.2130926724137931 0.8664990421455939 0.16073994252873564 0.2128831417624521
0 0.31124281609195403 0.7295258620689655 0.15768678160919541 0.15062260536398467
0 0.21345186781609196 0.8512931034482759 0.12266522988505747 0.29693486590038315
0 0.05747126436781609 0.7916666666666666 0.11530172413793104 0.41618773946360155
0 0.10955459770114942 0.7358716475095786 0.20150862068965517 0.4674329501915709
0 0.1875 0.4795258620689655 0.257183908045977 0.18318965517241378
0 0.3291127873563218 0.602610153256705 0.30513649425287354 0.18366858237547892
0 0.44279813218390807 0.37104885057471265 0.1312859195402299 0.25311302681992337
0 0.39197198275862066 0.18366858237547892 0.2401221264367816 0.335727969348659
0 0.16657686781609196 0.07291666666666667 0.07058189655172414 0.10656130268199233
0 0.39080459770114945 0.4794061302681992 0.2704741379310345 0.27729885057471265
0 0.14170258620689655 0.3249521072796935 0.28304597701149425 0.23994252873563218
0 0.2750538793103448 0.12547892720306514 0.20707614942528735 0.24904214559386972
0 0.023527298850574713 0.101772030651341 0.04669540229885057 0.203544061302682
