0 0.40445402298850575 0.34698275862068967 0.44612068965517243 0.2753831417624521
0 0.3796695402298851 0.5213122605363985 0.4694683908045977 0.45977011494252873
0 0.8758979885057471 0.20917145593869732 0.24568965517241378 0.29573754789272033
0 0.6774425287356322 0.42887931034482757 0.30998563218390807 0.27825670498084293
0 0.849676724137931 0.5977011494252874 0.29920977011494254 0.6125478927203065
0 0.765625 0.6734913793103449 0.13864942528735633 0.3503352490421456
0 0.7665229885057471 0.9049329501915708 0.46695402298850575 0.1882183908045977
0 0.8855962643678161 0.39272030651340994 0.14439655172413793 0.19731800766283525
0 0.3478807471264368 0.11434386973180076 0.24568965517241378 0.22341954022988506
0 0.6291307471264368 0.1366139846743295 0.4328304597701149 0.27131226053639845
0 0.8938577586206896 0.03364463601532567 0.20977011494252873 0.0639367816091954
