0 0.1832794540229885 0.7608955938697318 0.36476293103448276 0.30148467432950193
0 0.12086925287356322 0.9092432950191571 0.23994252873563218 0.17863984674329503
0 0.3246228448275862 0.9470785440613027 0.23617097701149425 0.10296934865900383
0 0.45716594827586204 0.5921934865900383 0.35075431034482757 0.4228927203065134
1 0.5883620689655172 0.6164990421455939 0.3785919540229885 0.4341475095785441
0 0.576239224137931 0.8508141762452107 0.2613146551724138 0.29262452107279696
0 0.8436602011494253 0.7628113026819924 0.3069324712643678 0.3125
0 0.8958333333333334 0.4737787356321839 0.20474137931034483 0.3148946360153257
0 0.1869612068965517 0.2636494252873563 0.32363505747126436 0.36590038314176243
0 0.1939655172413793 0.07315613026819924 0.38613505747126436 0.14870689655172414
0 0.20977011494252873 0.383860153256705 0.3897270114942529 0.48227969348659006
