0 0.8795797413793104 0.9133141762452107 0.23832614942528735 0.17193486590038315
0 0.3339619252873563 0.5767480842911877 0.24586925287356323 0.48012452107279696
0 0.5504669540229885 0.5917145593869731 0.34554597701149425 0.26197318007662834
0 0.49964080459770116 0.5883620689655172 0.2158764367816092 0.5086206896551724
0 0.6098239942528736 0.2879549808429119 0.19342672413793102 0.5256226053639846
0 0.7579022988505747 0.20330459770114942 0.4130747126436782 0.39990421455938696
0 0.06959410919540229 0.6637931034482759 0.13811063218390804 0.24904214559386972
0 0.16639727011494254 0.25059865900383144 0.3327945402298851 0.29669540229885055
0 0.41576867816091956 0.21216475095785442 0.22701149425287356 0.4257662835249042
0 0.20222701149425287 0.061182950191570884 0.15876436781609196 0.12236590038314177
0 0.9462104885057471 0.5255028735632183 0.1065014367816092 0.5189176245210728
0 0.044360632183908046 0.46551724137931033 0.08872126436781609 0.17049808429118773
0 0.8765265804597702 0.12452107279693486 0.24586925287356323 0.25047892720306514
0 0.07264727011494253 0.09195402298850575 0.1442169540229885 0.1824712643678161
0 0.14475574712643677 0.8824233716475096 0.288433908045977 0.23371647509578544
