0 0.1157507183908046 0.4783285440613027 0.14816810344827586 0.3647030651340996
0 0.17277298850574713 0.32662835249042144 0.16594827586206898 0.3611111111111111
0 0.2744252873563218 0.5862068965517241 0.18570402298850575 0.203544061302682
0 0.3642241379310345 0.5184386973180076 0.23419540229885058 0.16954022988505746
0 0.43633261494252873 0.6600814176245211 0.14888649425287356 0.26412835249042144
0 0.3623383620689655 0.9228927203065134 0.11476293103448276 0.15134099616858238
0 0.44656968390804597 0.8917624521072797 0.16648706896551724 0.14511494252873564
0 0.5576508620689655 0.883022030651341 0.22880747126436782 0.22725095785440613
0 0.5101472701149425 0.9761733716475096 0.1783405172413793 0.04477969348659004
0 0.7387751436781609 0.8236350574712644 0.14098419540229884 0.2799329501915709
0 0.8389906609195402 0.8541666666666666 0.12122844827586207 0.2868773946360153
0 0.8622485632183908 0.6515804597701149 0.20079022988505746 0.3831417624521073
0 0.5596264367816092 0.6640325670498084 0.1278735632183908 0.3103448275862069
0 0.6507722701149425 0.6732519157088123 0.09895833333333333 0.3426724137931034
0 0.7573635057471264 0.608955938697318 0.20474137931034483 0.2614942528735632
0 0.9563577586206896 0.694683908045977 0.08189655172413793 0.36446360153256707
0 0.9209770114942529 0.44935344827586204 0.15158045977011494 0.15205938697318008
0 0.9866199712643678 0.35584291187739464 0.024245689655172414 0.07183908045977011
0 0.9202586206896551 0.16091954022988506 0.15804597701149425 0.31657088122605365
0 0.7804418103448276 0.20294540229885058 0.20743534482758622 0.32351532567049807
0 0.5661817528735632 0.4397749042145594 0.265625 0.18031609195402298
0 0.5131106321839081 0.32567049808429116 0.2209051724137931 0.22653256704980843
0 0.3133979885057471 0.3461446360153257 0.17708333333333334 0.24832375478927204
0 0.3954741379310345 0.17923850574712644 0.25179597701149425 0.17840038314176246
0 0.49542025862068967 0.1372126436781609 0.26023706896551724 0.2064176245210728
