0 0.8843390804597702 0.7092911877394636 0.23024425287356323 0.3903256704980843
0 0.883441091954023 0.7277298850574713 0.23204022988505746 0.23371647509578544
0 0.7265625 0.5689655172413793 0.13595545977011494 0.22988505747126436
0 0.5838721264367817 0.7206657088122606 0.15660919540229884 0.24018199233716475
0 0.6863326149425287 0.7726293103448276 0.1769037356321839 0.24018199233716475
0 0.7722701149425287 0.9176245210727969 0.29561781609195403 0.15996168582375478
0 0.6167385057471264 0.9104406130268199 0.17923850574712644 0.17768199233716475
0 0.5377155172413793 0.5074233716475096 0.08261494252873564 0.25
0 0.4637212643678161 0.4699473180076628 0.13326149425287356 0.24018199233716475
0 0.6603807471264368 0.4912595785440613 0.274066091954023 0.25407088122605365
0 0.8742816091954023 0.33824233716475094 0.24856321839080459 0.4753352490421456
0 0.4131645114942529 0.31190134099616856 0.2315014367816092 0.31872605363984674
0 0.046426005747126436 0.2377873563218391 0.09285201149425287 0.40325670498084293
0 0.15355603448275862 0.4524664750957854 0.30603448275862066 0.24449233716475097
0 0.023706896551724137 0.6833093869731801 0.04741379310344827 0.1764846743295019
0 0.043732040229885055 0.8551245210727969 0.08638649425287356 0.2825670498084291
0 0.14206178160919541 0.8113026819923371 0.1939655172413793 0.36877394636015326
0 0.3381824712643678 0.8541666666666666 0.15445402298850575 0.2021072796934866
0 0.26373922413793105 0.9421695402298851 0.17510775862068967 0.11230842911877395
0 0.2166846264367816 0.5953065134099617 0.24227729885057472 0.1882183908045977
0 0.35982399425287354 0.7030651340996169 0.3015445402298851 0.18199233716475097
0 0.4181932471264368 0.5842911877394636 0.2702945402298851 0.26053639846743293
0 0.29552801724137934 0.13242337164750959 0.2508979885057471 0.26340996168582376
0 0.2677801724137931 0.9073275862068966 0.09734195402298851 0.17624521072796934
0 0.5668103448275862 0.8825431034482759 0.07399425287356322 0.20905172413793102
0 0.2904992816091954 0.1869013409961686 0.17007902298850575 0.3690134099616858
