0 0.375628591954023 0.9693486590038314 0.13092672413793102 0.05699233716475096
0 0.2813397988505747 0.9068486590038314 0.19881465517241378 0.18199233716475097
0 0.5307112068965517 0.7062978927203065 0.32219827586206895 0.4418103448275862
0 0.5510057471264368 0.8963122605363985 0.17923850574712644 0.20306513409961685
0 0.7321300287356322 0.8684147509578544 0.23293821839080459 0.258860153256705
0 0.9800646551724138 0.4512691570881226 0.03807471264367816 0.18941570881226052
0 0.8784123563218391 0.6431992337164751 0.23958333333333334 0.3726053639846743
0 0.789691091954023 0.73227969348659 0.4188218390804598 0.48898467432950193
0 0.8050466954022989 0.18007662835249041 0.38811063218390807 0.36015325670498083
0 0.06959410919540229 0.33548850574712646 0.13739224137931033 0.5771072796934866
0 0.07147988505747127 0.43582375478927204 0.1411637931034483 0.3366858237547893
0 0.013469827586206896 0.029693486590038315 0.02693965517241379 0.05938697318007663
0 0.31205100574712646 0.3250718390804598 0.453125 0.39487547892720304
