0 0.822198275862069 0.6101532567049809 0.35344827586206895 0.31513409961685823
0 0.6423311781609196 0.09099616858237548 0.20635775862068967 0.17911877394636017
0 0.36844468390804597 0.1969588122605364 0.41900143678160917 0.3450670498084291
0 0.06878591954022989 0.11530172413793104 0.13541666666666666 0.23060344827586207
0 0.09617456896551724 0.32219827586206895 0.19234913793103448 0.3809865900383142
0 0.3421336206896552 0.6652298850574713 0.42205459770114945 0.2533524904214559
0 0.25080818965517243 0.07806513409961686 0.24155890804597702 0.1532567049808429
0 0.3973599137931034 0.055196360153256706 0.29436063218390807 0.11039272030651341
1 0.41783405172413796 0.3867337164750958 0.3974497126436782 0.40948275862068967
0 0.7218031609195402 0.8156130268199234 0.4339080459770115 0.3654214559386973
0 0.3641343390804598 0.9087643678160919 0.28358477011494254 0.17911877394636017
0 0.8529992816091954 0.11147030651340996 0.29400143678160917 0.21958812260536398
