1 0.452496408045977 0.43726053639846746 0.2911278735632184 0.18486590038314177
0 0.26032686781609193 0.6939655172413793 0.3468031609195402 0.2222222222222222
0 0.4227729885057471 0.07315613026819924 0.1591235632183908 0.10895593869731801
0 0.13999640804597702 0.43426724137931033 0.2315014367816092 0.3345306513409962
0 0.10695043103448276 0.5587883141762452 0.21030890804597702 0.17983716475095785
0 0.023257902298850573 0.8732040229885057 0.0447198275862069 0.22581417624521072
0 0.07767600574712644 0.7559865900383141 0.15535201149425287 0.2442528735632184
0 0.16738505747126436 0.3132183908045977 0.17672413793103448 0.08812260536398467
0 0.4163074712643678 0.019755747126436782 0.17959770114942528 0.034722222222222224
0 0.09994612068965517 0.9698275862068966 0.19630028735632185 0.05459770114942529
0 0.0674389367816092 0.11530172413793104 0.13308189655172414 0.23060344827586207
0 0.1427801724137931 0.1724137931034483 0.2521551724137931 0.22078544061302682
0 0.26742097701149425 0.1394875478927203 0.2819683908045977 0.2765804597701149
