0 0.028286637931034482 0.7466475095785441 0.056573275862068964 0.2332375478927203
0 0.6290409482758621 0.10955459770114942 0.3651221264367816 0.21671455938697318
1 0.5838721264367817 0.16762452107279693 0.16020114942528735 0.33524904214559387
0 0.9514188218390804 0.4105603448275862 0.09536637931034483 0.12380268199233717
0 0.9361530172413793 0.5427442528735632 0.12446120689655173 0.15828544061302682
0 0.8638649425287356 0.6843869731800766 0.27227011494252873 0.328544061302682
0 0.8369252873563219 0.3712883141762452 0.23168103448275862 0.3220785440613027
0 0.8617995689655172 0.13829022988505746 0.2764008620689655 0.2765804597701149
0 0.2015984195402299 0.15828544061302682 0.20420258620689655 0.31657088122605365
0 0.4734195402298851 0.03651819923371648 0.13038793103448276 0.07303639846743296
0 0.22072557471264367 0.9228927203065134 0.26544540229885055 0.1527777777777778
0 0.36467313218390807 0.8171695402298851 0.2530531609195402 0.2310823754789272
0 0.5473239942528736 0.6992337164750958 0.17007902298850575 0.15708812260536398
0 0.6108117816091954 0.7435344827586207 0.19576149425287356 0.15708812260536398
0 0.6153915229885057 0.8807471264367817 0.3062140804597701 0.23467432950191572
0 0.8265984195402298 0.8752394636015326 0.3468031609195402 0.24568965517241378
