0 0.6126975574712644 0.20545977011494254 0.17151580459770116 0.30268199233716475
1 0.6421515804597702 0.6064415708812261 0.328125 0.20761494252873564
0 0.6325431034482759 0.22761015325670497 0.4019396551724138 0.2607758620689655
1 0.8061242816091954 0.2883141762452107 0.35290948275862066 0.5699233716475096
0 0.2912176724137931 0.4225335249042146 0.3274066091954023 0.21767241379310345
0 0.2899604885057471 0.12535919540229884 0.3180675287356322 0.24401340996168583
0 0.4067887931034483 0.850095785440613 0.2765804597701149 0.2950191570881226
0 0.1122485632183908 0.15529214559386972 0.2244971264367816 0.27945402298850575
0 0.08997844827586207 0.7810105363984674 0.17492816091954022 0.4331896551724138
0 0.15535201149425287 0.407088122605364 0.2859195402298851 0.35919540229885055
0 0.13631465517241378 0.7666427203065134 0.27262931034482757 0.2674808429118774
0 0.05549568965517242 0.572198275862069 0.11099137931034483 0.08405172413793104
0 0.42591594827586204 0.07291666666666667 0.18229166666666666 0.14343869731800765
0 0.6980064655172413 0.0690852490421456 0.15822557471264367 0.1381704980842912
0 0.06833692528735633 0.027059386973180076 0.13344109195402298 0.05411877394636015
