0 0.8493175287356322 0.5780651340996169 0.2995689655172414 0.5804597701149425
0 0.8902658045977011 0.2036637931034483 0.21479885057471265 0.4049329501915709
0 0.7097701149425287 0.022988505747126436 0.12104885057471264 0.04597701149425287
1 0.592492816091954 0.7076149425287356 0.22880747126436782 0.5790229885057471
0 0.37580818965517243 0.7088122605363985 0.2735272988505747 0.30124521072796934
0 0.3218390804597701 0.9140325670498084 0.25862068965517243 0.16618773946360152
0 0.16181752873563218 0.6412835249042146 0.2920258620689655 0.30028735632183906
0 0.08836206896551724 0.9097222222222222 0.1469109195402299 0.17480842911877395
0 0.10326867816091954 0.8886494252873564 0.20474137931034483 0.21455938697318008
0 0.18974497126436782 0.10608237547892721 0.35542385057471265 0.20977011494252873
