0 0.9304058908045977 0.04861111111111111 0.13272270114942528 0.09722222222222222
0 0.6036278735632183 0.04418103448275862 0.12176724137931035 0.08596743295019157
0 0.09527658045977011 0.7258141762452107 0.13092672413793102 0.2629310344827586
0 0.033135775862068964 0.6898946360153256 0.06627155172413793 0.4185823754789272
0 0.12140804597701149 0.3474616858237548 0.24281609195402298 0.40086206896551724
0 0.11602011494252873 0.12428160919540229 0.23204022988505746 0.2509578544061303
0 0.2526939655172414 0.39870689655172414 0.3146551724137931 0.28065134099616856
0 0.6006645114942529 0.2971743295019157 0.18732040229885058 0.24760536398467434
0 0.6151221264367817 0.33249521072796934 0.3670977011494253 0.2406609195402299
1 0.5683369252873564 0.6931273946360154 0.32489224137931033 0.2042624521072797
0 0.7551185344827587 0.4628831417624521 0.3719468390804598 0.42432950191570884
0 0.31690014367816094 0.13266283524904215 0.2875359195402299 0.2629310344827586
0 0.2849317528735632 0.8693726053639846 0.33638649425287354 0.25838122605363983
0 0.7299748563218391 0.15301724137931033 0.1740301724137931 0.303639846743295
0 0.3230962643678161 0.017121647509578543 0.06465517241379311 0.034243295019157086
0 0.02442528735632184 0.4732998084291188 0.045617816091954026 0.038553639846743294
0 0.4552801724137931 0.10632183908045977 0.18426724137931033 0.21264367816091953
