0 0.5159841954022989 0.6284722222222222 0.2280890804597701 0.5371168582375478
1 0.5988685344827587 0.6083572796934866 0.41540948275862066 0.40684865900383144
0 0.5719288793103449 0.1423611111111111 0.43732040229885055 0.2847222222222222
0 0.3019037356321839 0.8387212643678161 0.2959770114942529 0.32303639846743293
0 0.5871048850574713 0.9390565134099617 0.28089080459770116 0.11997126436781609
0 0.09841954022988506 0.6015325670498084 0.19504310344827586 0.24329501915708812
0 0.22332974137931033 0.6447557471264368 0.39098419540229884 0.3699712643678161
0 0.2649066091954023 0.2326388888888889 0.2406609195402299 0.4652777777777778
0 0.09258261494252873 0.12895114942528735 0.18336925287356323 0.2579022988505747
0 0.2010596264367816 0.36721743295019155 0.40032327586206895 0.27705938697318006
0 0.7291666666666666 0.04370210727969349 0.34662356321839083 0.08740421455938698
0 0.8023527298850575 0.9721024904214559 0.15104166666666666 0.04669540229885057
0 0.4406429597701149 0.019755747126436782 0.08710488505747127 0.039511494252873564
