0 0.053430316091954026 0.19169061302681992 0.10686063218390805 0.2995689655172414
0 0.6298491379310345 0.14439655172413793 0.22629310344827586 0.28879310344827586
0 0.3004669540229885 0.7869971264367817 0.2938218390804598 0.31872605363984674
0 0.3558728448275862 0.6912116858237548 0.32165948275862066 0.2181513409961686
0 0.48473419540229884 0.7846024904214559 0.20581896551724138 0.42887931034482757
0 0.5260416666666666 0.9032567049808429 0.11961206896551724 0.19157088122605365
0 0.5862068965517241 0.4875478927203065 0.28663793103448276 0.18438697318007663
1 0.44926364942528735 0.2647270114942529 0.2749640804597701 0.36182950191570884
0 0.5157147988505747 0.11745689655172414 0.16361350574712644 0.2349137931034483
0 0.7736170977011494 0.36889367816091956 0.24622844827586207 0.35943486590038315
0 0.7992097701149425 0.282088122605364 0.16630747126436782 0.49233716475095785
0 0.1235632183908046 0.9571360153256705 0.09626436781609195 0.08381226053639847
0 0.2138110632183908 0.9768917624521073 0.17798132183908047 0.039511494252873564
0 0.17070761494252873 0.01257183908045977 0.06483477011494253 0.02514367816091954
0 0.36476293103448276 0.491139846743295 0.15445402298850575 0.2777777777777778
0 0.34545617816091956 0.4989224137931034 0.2792744252873563 0.2071360153256705
