0 0.44145114942528735 0.2477250957854406 0.40373563218390807 0.37811302681992337
1 0.49470186781609193 0.4361829501915709 0.3812859195402299 0.42552681992337166
0 0.4343570402298851 0.7167145593869731 0.40750718390804597 0.2705938697318008
0 0.8839798850574713 0.11170977011494253 0.22772988505747127 0.21767241379310345
0 0.6922593390804598 0.10165229885057471 0.2350933908045977 0.20330459770114942
1 0.8662895114942529 0.6200909961685823 0.26311063218390807 0.3350095785440613
0 0.7915768678160919 0.8314176245210728 0.4103807471264368 0.3309386973180077
0 0.49299568965517243 0.9316331417624522 0.2471264367816092 0.13050766283524903
0 0.10686063218390805 0.16115900383141762 0.21156609195402298 0.3194444444444444
0 0.1364044540229885 0.4002634099616858 0.272808908045977 0.37667624521072796
0 0.3984375 0.08165708812260536 0.40391522988505746 0.16331417624521072
0 0.35389727011494254 0.11889367816091954 0.26526580459770116 0.2377873563218391
