1 0.5459770114942529 0.40876436781609193 0.18067528735632185 0.22078544061302682
0 0.5580100574712644 0.4501915708812261 0.3423132183908046 0.23754789272030652
0 0.6901041666666666 0.5660919540229885 0.31986350574712646 0.32375478927203066
1 0.5028735632183908 0.7992097701149425 0.3265086206896552 0.21767241379310345
0 0.23024425287356323 0.92397030651341 0.2999281609195402 0.14918582375478928
0 0.6631645114942529 0.24090038314176246 0.15319683908045978 0.3888888888888889
0 0.12589798850574713 0.04310344827586207 0.25179597701149425 0.08620689655172414
0 0.5949173850574713 0.10656130268199233 0.18552442528735633 0.20881226053639848
0 0.3935883620689655 0.07519157088122605 0.2900502873563218 0.14798850574712644
0 0.4171156609195402 0.19600095785440613 0.17654454022988506 0.2397030651340996
0 0.8831716954022989 0.1331417624521073 0.23186063218390804 0.2638888888888889
0 0.2750538793103448 0.20438218390804597 0.28502155172413796 0.3158524904214559
0 0.09446839080459771 0.18127394636015326 0.18893678160919541 0.30268199233716475
0 0.09330100574712644 0.43809865900383144 0.18480603448275862 0.39200191570881227
0 0.19558189655172414 0.48659003831417624 0.3297413793103448 0.2859195402298851
0 0.03609913793103448 0.8417145593869731 0.07040229885057471 0.2672413793103448
