0 0.7709231321839081 0.41259578544061304 0.32561063218390807 0.35919540229885055
0 0.18687140804597702 0.7678400383141762 0.3719468390804598 0.24305555555555555
0 0.43498563218390807 0.8251915708812261 0.3265086206896552 0.24521072796934865
0 0.6280531609195402 0.3330938697318008 0.20222701149425287 0.40086206896551724
0 0.5 0.1839080459770115 0.3505747126436782 0.24856321839080459
0 0.9461206896551724 0.06848659003831417 0.10272988505747127 0.12835249042145594
0 0.5554956896551724 0.06405651340996169 0.33548850574712646 0.12811302681992337
0 0.09366020114942529 0.1933668582375479 0.18552442528735633 0.35560344827586204
0 0.15158045977011494 0.4627634099616858 0.3031609195402299 0.19659961685823754
0 0.06420617816091954 0.6208093869731801 0.12517959770114942 0.18989463601532566
0 0.1341594827586207 0.2741858237547893 0.16918103448275862 0.24377394636015326
