0 0.13020833333333334 0.057590996168582376 0.19827586206896552 0.11326628352490421
0 0.3871228448275862 0.43223180076628354 0.1528376436781609 0.4492337164750958
0 0.40589080459770116 0.1801963601532567 0.2471264367816092 0.3603927203065134
0 0.044270833333333336 0.6203304597701149 0.08710488505747127 0.2708333333333333
0 0.10542385057471264 0.8502155172413793 0.2094109195402299 0.23204022988505746
0 0.30711206896551724 0.8558429118773946 0.1612787356321839 0.2849616858237548
0 0.1518498563218391 0.9289990421455939 0.17331178160919541 0.13864942528735633
0 0.5258620689655172 0.19013409961685823 0.23060344827586207 0.3783524904214559
0 0.7330280172413793 0.1148227969348659 0.4139727011494253 0.22916666666666666
0 0.7887033045977011 0.2231800766283525 0.3985272988505747 0.19348659003831417
0 0.6796875 0.4897030651340996 0.17510775862068967 0.3074712643678161
0 0.858117816091954 0.4986829501915709 0.25251436781609193 0.4595306513409962
0 0.7406609195402298 0.7586206896551724 0.3857758620689655 0.2547892720306513
0 0.9522270114942529 0.6528975095785441 0.09410919540229885 0.20569923371647508
0 0.6539152298850575 0.9554597701149425 0.30423850574712646 0.085727969348659
0 0.6690912356321839 0.8770354406130269 0.13236350574712644 0.11805555555555555
0 0.8619791666666666 0.897389846743295 0.27460488505747127 0.19995210727969348
