0 0.9442349137931034 0.8631465517241379 0.1079382183908046 0.15876436781609196
0 0.6427801724137931 0.4340277777777778 0.24173850574712644 0.6003352490421456
0 0.5014367816091954 0.18354885057471265 0.29022988505747127 0.3647030651340996
0 0.4562679597701149 0.6506226053639846 0.21102729885057472 0.5617816091954023
0 0.23760775862068967 0.5314894636015326 0.2855603448275862 0.5893199233716475
0 0.5948275862068966 0.45761494252873564 0.2521551724137931 0.4166666666666667
0 0.7743354885057471 0.6970785440613027 0.20743534482758622 0.5977011494252874
0 0.8968211206896551 0.5531609195402298 0.20276580459770116 0.3424329501915709
0 0.8688936781609196 0.21024904214559387 0.2492816091954023 0.41810344827586204
0 0.1958512931034483 0.27478448275862066 0.3917025862068966 0.3484195402298851
0 0.06833692528735633 0.08560823754789272 0.1348778735632184 0.1736111111111111
