0 0.04588721264367816 0.09925766283524905 0.08961925287356322 0.13577586206896552
0 0.12850215517241378 0.9282806513409961 0.2548491379310345 0.13864942528735633
0 0.08207614942528736 0.836566091954023 0.16415229885057472 0.1453544061302682
0 0.06932471264367816 0.7121647509578544 0.13649425287356323 0.15756704980842912
0 0.07794540229885058 0.6537356321839081 0.15589080459770116 0.16044061302681992
0 0.0234375 0.5348419540229885 0.0447198275862069 0.09363026819923372
0 0.6044360632183908 0.06453544061302682 0.06519396551724138 0.12092911877394635
0 0.6834590517241379 0.07136015325670499 0.16002155172413793 0.13745210727969348
0 0.9312140804597702 0.2100095785440613 0.1336206896551724 0.4200191570881226
0 0.9750359195402298 0.49820402298850575 0.04777298850574713 0.17265325670498086
0 0.8618893678160919 0.47497605363984674 0.1925287356321839 0.18893678160919541
0 0.4082255747126437 0.748323754789272 0.2151580459770115 0.18055555555555555
0 0.3796695402298851 0.8745210727969349 0.23958333333333334 0.23515325670498086
0 0.3797593390804598 0.5810584291187739 0.1783405172413793 0.20234674329501914
0 0.21866020114942528 0.7230603448275862 0.20276580459770116 0.5217911877394636
0 0.8557830459770115 0.3241139846743295 0.19468390804597702 0.46336206896551724
0 0.5300826149425287 0.5531609195402298 0.1528376436781609 0.44588122605363983
0 0.6161997126436781 0.30926724137931033 0.14367816091954022 0.42265325670498083
0 0.7232399425287356 0.5810584291187739 0.23132183908045978 0.4470785440613027
0 0.1804058908045977 0.27598180076628354 0.3608117816091954 0.2310823754789272
0 0.6523886494252874 0.28759578544061304 0.25915948275862066 0.2624521072796935
0 0.34815014367816094 0.8135775862068966 0.21102729885057472 0.3704501915708812
