0 0.8380028735632183 0.8358477011494253 0.32219827586206895 0.3263888888888889
0 0.9103807471264368 0.5700431034482759 0.17744252873563218 0.27370689655172414
0 0.5139188218390804 0.7253352490421456 0.4021192528735632 0.3045977011494253
0 0.5914152298850575 0.9402538314176245 0.24892241379310345 0.11757662835249043
0 0.4442349137931034 0.09147509578544061 0.4057112068965517 0.18055555555555555
0 0.40014367816091956 0.13182471264367815 0.2600574712643678 0.26125478927203066
0 0.49398347701149425 0.2624521072796935 0.3917025862068966 0.4061302681992337
1 0.5585488505747126 0.44504310344827586 0.3649425287356322 0.45665708812260536
0 0.12948994252873564 0.18139367816091953 0.25897988505747127 0.36518199233716475
0 0.16711566091954022 0.4376197318007663 0.3324353448275862 0.37523946360153254
0 0.9103807471264368 0.0835727969348659 0.17744252873563218 0.1671455938697318
0 0.7376975574712644 0.08979885057471264 0.2702945402298851 0.18199233716475097
