0 0.9448635057471264 0.07076149425287356 0.10775862068965517 0.14152298850574713
0 0.7682291666666666 0.11530172413793104 0.17905890804597702 0.23060344827586207
0 0.6121587643678161 0.15517241379310345 0.25017959770114945 0.3103448275862069
0 0.5021551724137931 0.2885536398467433 0.2568247126436782 0.2796934865900383
0 0.2817887931034483 0.09602490421455939 0.30926724137931033 0.18726053639846743
0 0.2585308908045977 0.2353927203065134 0.3417744252873563 0.21695402298850575
0 0.1385596264367816 0.042385057471264365 0.1945043103448276 0.085727969348659
0 0.03017241379310345 0.15433429118773948 0.0610632183908046 0.273227969348659
0 0.662176724137931 0.5192768199233716 0.2765804597701149 0.34554597701149425
0 0.18660201149425287 0.7398227969348659 0.3706896551724138 0.26939655172413796
