0 0.6499640804597702 0.4591714559386973 0.34913793103448276 0.15158045977011494
0 0.36889367816091956 0.1372126436781609 0.22341954022988506 0.27011494252873564
0 0.33261494252873564 0.555316091954023 0.07112068965517242 0.21886973180076627
0 0.4404633620689655 0.44504310344827586 0.1399066091954023 0.39200191570881227
0 0.7299748563218391 0.22844827586206898 0.16073994252873564 0.453544061302682
0 0.3729346264367816 0.701867816091954 0.2868175287356322 0.21503831417624522
0 0.7582614942528736 0.25035919540229884 0.38038793103448276 0.41020114942528735
0 0.3343211206896552 0.3532088122605364 0.14098419540229884 0.30986590038314177
0 0.10488505747126436 0.19995210727969348 0.18498563218390804 0.39655172413793105
0 0.6781609195402298 0.8192049808429118 0.18139367816091953 0.27729885057471265
0 0.5710308908045977 0.9312739463601533 0.3468031609195402 0.12883141762452108
0 0.8786817528735632 0.585727969348659 0.24191810344827586 0.1896551724137931
0 0.9392959770114943 0.42756226053639845 0.11673850574712644 0.13769157088122605
0 0.8292923850574713 0.47737068965517243 0.1492456896551724 0.11997126436781609
0 0.9128951149425287 0.8026819923371648 0.17061781609195403 0.26484674329501917
0 0.45644755747126436 0.8647030651340997 0.18480603448275862 0.2164750957854406
0 0.3402478448275862 0.9006226053639846 0.11979166666666667 0.16666666666666666
0 0.16630747126436782 0.7863984674329502 0.15589080459770116 0.125
0 0.21291307471264367 0.40924329501915707 0.1909123563218391 0.29310344827586204
0 0.41424209770114945 0.5421455938697318 0.2667025862068966 0.164272030651341
0 0.5604346264367817 0.7128831417624522 0.1370330459770115 0.3146551724137931
0 0.6588541666666666 0.04465996168582376 0.07417385057471264 0.08931992337164751
0 0.41936063218390807 0.13278256704980843 0.15481321839080459 0.26221264367816094
0 0.22135416666666666 0.15445402298850575 0.16073994252873564 0.3074712643678161
0 0.9048132183908046 0.9487547892720306 0.1867816091954023 0.09722222222222222
0 0.7614044540229885 0.9792863984674329 0.05621408045977012 0.03807471264367816
0 0.35533405172413796 0.9752155172413793 0.09069683908045977 0.0443007662835249
0 0.0766882183908046 0.3356082375478927 0.1476293103448276 0.24976053639846743
0 0.04741379310344827 0.3760775862068966 0.08656609195402298 0.1343390804597701
0 0.17582614942528735 0.524066091954023 0.07938218390804598 0.0443007662835249
0 0.873742816091954 0.03508141762452107 0.17420977011494254 0.06872605363984674
0 0.026670258620689655 0.9492337164750958 0.04974856321839081 0.09626436781609195
0 0.6932471264367817 0.584889846743295 0.2579022988505747 0.19133141762452108
0 0.8835308908045977 0.2391044061302682 0.2293462643678161 0.4274425287356322
0 0.10641163793103449 0.49161877394636017 0.2117456896551724 0.16906130268199235
0 0.16100933908045978 0.9081657088122606 0.24479166666666666 0.1817528735632184
0 0.17313218390804597 0.9183429118773946 0.27155172413793105 0.15804597701149425
