0 0.05881824712643678 0.98227969348659 0.08279454022988506 0.033045977011494254
0 0.37176724137931033 0.8866139846743295 0.2765804597701149 0.22437739463601533
0 0.8142959770114943 0.8032806513409961 0.22054597701149425 0.3886494252873563
0 0.9305854885057471 0.8125 0.13523706896551724 0.3702107279693487
0 0.16864224137931033 0.6010536398467433 0.33548850574712646 0.35919540229885055
1 0.36260775862068967 0.31441570881226055 0.40337643678160917 0.38840996168582376
0 0.1902837643678161 0.17768199233716475 0.3805675287356322 0.3553639846743295
0 0.6498742816091954 0.7162356321839081 0.39709051724137934 0.42768199233716475
1 0.5069145114942529 0.5110153256704981 0.265625 0.6053639846743295
1 0.7638290229885057 0.3486590038314176 0.47054597701149425 0.4818007662835249
0 0.6540948275862069 0.8832614942528736 0.17959770114942528 0.226772030651341
