0 0.608117816091954 0.19827586206896552 0.25287356321839083 0.39846743295019155
0 0.9027478448275862 0.5421455938697318 0.1945043103448276 0.26197318007662834
0 0.5972521551724138 0.7122844827586207 0.42798132183908044 0.3172892720306513
0 0.10084410919540229 0.6176963601532567 0.20168821839080459 0.4537835249042146
0 0.18974497126436782 0.8709291187739464 0.33710488505747127 0.22509578544061304
0 0.9193606321839081 0.8773946360153256 0.1612787356321839 0.24329501915708812
1 0.8368354885057471 0.818845785440613 0.2918462643678161 0.2899904214559387
0 0.6086566091954023 0.867816091954023 0.22701149425287356 0.2638888888888889
0 0.1044360632183908 0.9187021072796935 0.2088721264367816 0.1606800766283525
0 0.4260057471264368 0.9169061302681992 0.22593390804597702 0.164272030651341
0 0.2770294540229885 0.5446599616858238 0.3076508620689655 0.6621168582375478
0 0.017420977011494254 0.4639607279693487 0.033764367816091954 0.21671455938697318
