0 0.6128771551724138 0.3888888888888889 0.4207974137931034 0.25766283524904215
0 0.5726472701149425 0.7693965517241379 0.21210488505747127 0.45450191570881227
1 0.35766882183908044 0.7604166666666666 0.41433189655172414 0.3287835249042146
0 0.7548491379310345 0.5516044061302682 0.475933908045977 0.2717911877394636
0 0.4077765804597701 0.9421695402298851 0.14816810344827586 0.11374521072796935
0 0.8062140804597702 0.9100814176245211 0.26436781609195403 0.17456896551724138
0 0.8026221264367817 0.73227969348659 0.35919540229885055 0.24090038314176246
0 0.257183908045977 0.08225574712643678 0.11027298850574713 0.16115900383141762
0 0.8915229885057471 0.17349137931034483 0.21443965517241378 0.34554597701149425
0 0.9179238505747126 0.8887691570881227 0.16056034482758622 0.22054597701149425
0 0.9560883620689655 0.5560344827586207 0.08530890804597702 0.5004789272030651
0 0.787176724137931 0.053759578544061305 0.26688218390804597 0.10608237547892721
