0 0.40077227011494254 0.3564415708812261 0.36691810344827586 0.23060344827586207
0 0.09958692528735633 0.5380747126436781 0.12446120689655173 0.05986590038314176
0 0.08728448275862069 0.4721024904214559 0.1752873563218391 0.13769157088122605
0 0.08611709770114942 0.9064894636015326 0.17295258620689655 0.18510536398467434
0 0.26885775862068967 0.8283045977011494 0.19073275862068967 0.3414750957854406
0 0.11566091954022989 0.34566570881226055 0.23024425287356323 0.3953544061302682
0 0.30432830459770116 0.5113745210727969 0.18911637931034483 0.2832854406130268
0 0.4110991379310345 0.7358716475095786 0.20114942528735633 0.48084291187739464
0 0.04256465517241379 0.5522030651340997 0.08441091954022989 0.13026819923371646
0 0.16082974137931033 0.7030651340996169 0.32058189655172414 0.2696360153256705
0 0.10129310344827586 0.12021072796934866 0.20150862068965517 0.2389846743295019
0 0.2728987068965517 0.1649904214559387 0.18444683908045978 0.328544061302682
