1 0.5914152298850575 0.5556752873563219 0.2614942528735632 0.5079022988505747
1 0.6732219827586207 0.5220306513409961 0.4078663793103448 0.4631226053639847
0 0.3027119252873563 0.6105124521072797 0.35326867816091956 0.3958333333333333
0 0.13793103448275862 0.5914750957854407 0.274066091954023 0.2792145593869732
0 0.37383261494252873 0.8084291187739464 0.3069324712643678 0.38122605363984674
0 0.22755028735632185 0.3392001915708812 0.45330459770114945 0.2928639846743295
0 0.2990301724137931 0.21863026819923373 0.23455459770114942 0.43726053639846746
0 0.11907327586206896 0.12667624521072796 0.23635057471264367 0.24904214559386972
0 0.7153376436781609 0.9021791187739464 0.35237068965517243 0.1961206896551724
0 0.9104705459770115 0.9212164750957854 0.17582614942528735 0.15373563218390804
0 0.4692887931034483 0.9722222222222222 0.06896551724137931 0.05603448275862069
0 0.6123383620689655 0.10632183908045977 0.4542025862068966 0.210727969348659
