0 0.20420258620689655 0.16606800766283525 0.2625718390804598 0.15493295019157088
0 0.29400143678160917 0.08488984674329501 0.26688218390804597 0.16834291187739464
0 0.3452765804597701 0.2600574712643678 0.18552442528735633 0.28304597701149425
0 0.41846264367816094 0.3461446360153257 0.2442528735632184 0.2353927203065134
0 0.24182830459770116 0.4962883141762452 0.23006465517241378 0.15493295019157088
0 0.33135775862068967 0.610632183908046 0.12104885057471264 0.2978927203065134
0 0.4560883620689655 0.5796216475095786 0.15714798850574713 0.29477969348659006
0 0.5320581896551724 0.5622605363984674 0.11907327586206896 0.3438697318007663
0 0.49137931034482757 0.8017241379310345 0.2535919540229885 0.2078544061302682
0 0.522808908045977 0.9339080459770115 0.2905890804597701 0.12883141762452108
0 0.7608656609195402 0.6848659003831418 0.10973419540229885 0.32950191570881227
0 0.7261135057471264 0.44264846743295017 0.22054597701149425 0.29094827586206895
0 0.8544360632183908 0.4711446360153257 0.12984913793103448 0.3493773946360153
0 0.8044181034482759 0.24257662835249041 0.24892241379310345 0.1518199233716475
0 0.3224676724137931 0.9131944444444444 0.12338362068965517 0.17313218390804597
0 0.3859554597701149 0.8382423371647509 0.16594827586206898 0.14295977011494254
0 0.6445761494252874 0.6725335249042146 0.13218390804597702 0.29238505747126436
0 0.6238326149425287 0.4481561302681992 0.22467672413793102 0.21671455938697318
0 0.17223419540229884 0.5975814176245211 0.1961206896551724 0.1707375478927203
0 0.04202586206896552 0.579382183908046 0.08297413793103449 0.2449712643678161
0 0.5882722701149425 0.09722222222222222 0.2293462643678161 0.19444444444444445
0 0.7308728448275862 0.05328065134099617 0.15894396551724138 0.10512452107279693
0 0.06312859195402298 0.3864942528735632 0.12625718390804597 0.2859195402298851
0 0.16029094827586207 0.35284961685823757 0.20563936781609196 0.23156130268199235
0 0.8408764367816092 0.9492337164750958 0.2614942528735632 0.09961685823754789
0 0.8577586206896551 0.11901340996168583 0.1469109195402299 0.23467432950191572
0 0.9916487068965517 0.5120929118773946 0.014188218390804598 0.11374521072796935
0 0.9567169540229885 0.8413553639846744 0.08405172413793104 0.31202107279693486
