0 0.9366020114942529 0.9681513409961686 0.125 0.06130268199233716
0 0.055944683908045974 0.9556992337164751 0.11117097701149425 0.08764367816091954
0 0.28726652298850575 0.8570402298850575 0.1492456896551724 0.2849616858237548
0 0.45079022988505746 0.946360153256705 0.1867816091954023 0.10344827586206896
0 0.8161817528735632 0.9475574712643678 0.09572557471264367 0.10201149425287356
0 0.7334770114942529 0.931154214559387 0.13900862068965517 0.13290229885057472
0 0.6525682471264368 0.8350095785440613 0.17726293103448276 0.3290229885057471
0 0.5389727011494253 0.4965277777777778 0.2744252873563218 0.20186781609195403
0 0.5097880747126436 0.6980363984674329 0.1937859195402299 0.28735632183908044
0 0.5036817528735632 0.7476053639846744 0.13882902298850575 0.39798850574712646
