0 0.09841954022988506 0.1285919540229885 0.1896551724137931 0.1728927203065134
0 0.6390086206896551 0.5627394636015326 0.22054597701149425 0.16762452107279693
0 0.42151580459770116 0.6750478927203065 0.24892241379310345 0.1518199233716475
0 0.46120689655172414 0.6309865900383141 0.20617816091954022 0.42528735632183906
0 0.6920797413793104 0.31776819923371646 0.18552442528735633 0.4521072796934866
0 0.8680854885057471 0.19755747126436782 0.2613146551724138 0.39511494252873564
0 0.7106681034482759 0.12607758620689655 0.16594827586206898 0.2521551724137931
0 0.05450790229885057 0.8327346743295019 0.10901580459770115 0.15253831417624522
0 0.24245689655172414 0.6848659003831418 0.26329022988505746 0.2883141762452107
0 0.20833333333333334 0.8899664750957854 0.38469827586206895 0.21192528735632185
0 0.6111709770114943 0.6713362068965517 0.1469109195402299 0.4149904214559387
0 0.4813218390804598 0.8753591954022989 0.27155172413793105 0.24592911877394635
0 0.6804956896551724 0.8080699233716475 0.11494252873563218 0.13194444444444445
0 0.764996408045977 0.6855842911877394 0.18911637931034483 0.20162835249042146
0 0.29516882183908044 0.26640325670498083 0.34500718390804597 0.21336206896551724
0 0.05836925287356322 0.21420019157088122 0.11673850574712644 0.36518199233716475
0 0.37464080459770116 0.7670019157088123 0.23958333333333334 0.13984674329501914
0 0.5510057471264368 0.4397749042145594 0.18785919540229884 0.226772030651341
0 0.8648527298850575 0.030052681992337165 0.09716235632183907 0.06010536398467433
0 0.059895833333333336 0.9562978927203065 0.11619971264367816 0.0806992337164751
