0 0.8970007183908046 0.036159003831417624 0.20348419540229884 0.06704980842911877
0 0.9172054597701149 0.9367816091954023 0.11278735632183907 0.12116858237547892
0 0.7290768678160919 0.8624281609195402 0.2293462643678161 0.27131226053639845
0 0.733746408045977 0.8351293103448276 0.14170258620689655 0.3278256704980843
0 0.5547772988505747 0.8002873563218391 0.15445402298850575 0.3922413793103448
0 0.3723958333333333 0.7569444444444444 0.19163074712643677 0.40325670498084293
0 0.21991738505747127 0.6926484674329502 0.12589798850574713 0.4327107279693487
0 0.31698994252873564 0.632183908045977 0.14619252873563218 0.3922413793103448
0 0.08701508620689655 0.641882183908046 0.1725933908045977 0.44516283524904215
0 0.09105603448275862 0.8900862068965517 0.17959770114942528 0.2193486590038314
