0 0.5027837643678161 0.26712164750957856 0.17510775862068967 0.4351053639846743
0 0.31133261494252873 0.6821120689655172 0.15247844827586207 0.39487547892720304
0 0.7602370689655172 0.059746168582375477 0.09877873563218391 0.11757662835249043
0 0.6024604885057471 0.8329741379310345 0.1348778735632184 0.33022030651340994
0 0.5027837643678161 0.8418342911877394 0.14744971264367815 0.31441570881226055
0 0.6602909482758621 0.6999521072796935 0.14744971264367815 0.40660919540229884
0 0.7766702586206896 0.9094827586206896 0.17582614942528735 0.1772030651340996
0 0.8330639367816092 0.7371886973180076 0.20420258620689655 0.47294061302681994
0 0.9095725574712644 0.6511015325670498 0.17941810344827586 0.45881226053639845
0 0.9697377873563219 0.8099856321839081 0.058010057471264365 0.19995210727969348
