0 0.8286637931034483 0.9613266283524904 0.34087643678160917 0.07543103448275862
0 0.46848060344827586 0.9482758620689655 0.09931752873563218 0.10153256704980843
0 0.8681752873563219 0.1411637931034483 0.24892241379310345 0.2799329501915709
0 0.9173850574712644 0.13864942528735633 0.16163793103448276 0.2796934865900383
0 0.710308908045977 0.26125478927203066 0.3344109195402299 0.5225095785440613
0 0.8802083333333334 0.5811781609195402 0.2377873563218391 0.32806513409961685
0 0.7033943965517241 0.7001915708812261 0.22000718390804597 0.5905172413793104
1 0.524066091954023 0.25526819923371646 0.3232758620689655 0.5062260536398467
0 0.07704741379310345 0.5404693486590039 0.1540948275862069 0.5335249042145593
1 0.2293462643678161 0.5905172413793104 0.20043103448275862 0.5522030651340997
0 0.19962284482758622 0.19133141762452108 0.30082614942528735 0.38266283524904215
0 0.059895833333333336 0.13553639846743296 0.11979166666666667 0.25862068965517243
0 0.0334051724137931 0.016762452107279693 0.06501436781609195 0.033524904214559385
0 0.27298850574712646 0.6109913793103449 0.34554597701149425 0.31058429118773945
0 0.3805675287356322 0.3241139846743295 0.18857758620689655 0.5500478927203065
