0 0.26966594827586204 0.02346743295019157 0.1413433908045977 0.04932950191570881
0 0.8303699712643678 0.34626436781609193 0.26167385057471265 0.26053639846743293
0 0.9478268678160919 0.27933429118773945 0.10039511494252873 0.1592432950191571
0 0.8559626436781609 0.19468390804597702 0.2862787356321839 0.38936781609195403
0 0.4829382183908046 0.26412835249042144 0.2244971264367816 0.5282567049808429
0 0.24407327586206898 0.22186302681992337 0.33836206896551724 0.44612068965517243
0 0.6435883620689655 0.771551724137931 0.2009698275862069 0.453544061302682
0 0.6388290229885057 0.2332375478927203 0.23132183908045978 0.4688697318007663
0 0.8354885057471264 0.8789511494252874 0.1810344827586207 0.23874521072796934
0 0.5227191091954023 0.7021072796934866 0.19630028735632185 0.29454022988505746
0 0.18139367816091953 0.7574233716475096 0.2755028735632184 0.4818007662835249
0 0.11979166666666667 0.7253352490421456 0.23814655172413793 0.5459770114942529
0 0.2550287356321839 0.8105842911877394 0.24964080459770116 0.3773946360153257
0 0.42717313218390807 0.6487068965517241 0.22467672413793102 0.5818965517241379
0 0.05244252873563218 0.6789990421455939 0.10488505747126436 0.3738026819923372
