0 0.6828304597701149 0.7707136015325671 0.4396551724137931 0.4470785440613027
0 0.8933189655172413 0.24233716475095785 0.20869252873563218 0.47509578544061304
0 0.09437859195402298 0.8629070881226054 0.18875718390804597 0.2689176245210728
0 0.5186781609195402 0.9637212643678161 0.10668103448275862 0.06728927203065134
0 0.5955459770114943 0.09542624521072797 0.11709770114942529 0.1875
0 0.8552442528735632 0.1985153256704981 0.2848419540229885 0.3970306513409962
0 0.23213002873563218 0.8784722222222222 0.39385775862068967 0.2406609195402299
1 0.4472880747126437 0.21491858237547892 0.27316810344827586 0.42983716475095785
0 0.7057291666666666 0.3532088122605364 0.30010775862068967 0.7001915708812261
0 0.8933189655172413 0.6588840996168582 0.21084770114942528 0.6769636015325671
1 0.3916127873563218 0.7143199233716475 0.5088002873563219 0.5253831417624522
0 0.3024425287356322 0.36889367816091956 0.5438218390804598 0.4753352490421456
