1 0.7922952586206896 0.27813697318007663 0.41361350574712646 0.5294540229885057
0 0.6539152298850575 0.9675526819923371 0.21048850574712644 0.06010536398467433
0 0.23069324712643677 0.9325909961685823 0.11584051724137931 0.13242337164750959
1 0.7486530172413793 0.5638170498084292 0.3741020114942529 0.32351532567049807
0 0.018857758620689655 0.8156130268199234 0.03771551724137931 0.36637931034482757
0 0.13694324712643677 0.7101293103448276 0.25736350574712646 0.5773467432950191
1 0.3368354885057471 0.6679837164750958 0.3116020114942529 0.5735153256704981
1 0.5492097701149425 0.6605603448275862 0.2122844827586207 0.6496647509578544
0 0.7936422413793104 0.7782567049808429 0.4109195402298851 0.4386973180076628
0 0.3973599137931034 0.34075670498084293 0.2526939655172414 0.6800766283524904
