0 0.568426724137931 0.10931513409961686 0.1591235632183908 0.22006704980842912
0 0.8734734195402298 0.28412356321839083 0.2519755747126437 0.20809386973180077
0 0.8511135057471264 0.4420498084291188 0.29669540229885055 0.26197318007662834
0 0.8345905172413793 0.14272030651340997 0.23563218390804597 0.2868773946360153
0 0.6522090517241379 0.2237787356321839 0.18444683908045978 0.40589080459770116
0 0.31267959770114945 0.21276340996168583 0.2194683908045977 0.2593390804597701
0 0.48832614942528735 0.32579022988505746 0.16235632183908047 0.4178639846743295
1 0.38721264367816094 0.46024904214559387 0.27370689655172414 0.3333333333333333
0 0.16998922413793102 0.3970306513409962 0.19127155172413793 0.32806513409961685
0 0.10811781609195402 0.16930076628352492 0.21695402298850575 0.3160919540229885
0 0.08135775862068965 0.7696360153256705 0.1619971264367816 0.4592911877394636
1 0.6752873563218391 0.866139846743295 0.42061781609195403 0.2662835249042146
