0 0.06797772988505747 0.08057950191570881 0.13595545977011494 0.15780651340996169
0 0.3681752873563218 0.014008620689655173 0.035201149425287355 0.0217911877394636
0 0.015894396551724137 0.24305555555555555 0.029274425287356323 0.1671455938697318
0 0.7273706896551724 0.10943486590038314 0.2216235632183908 0.21886973180076627
0 0.5691451149425287 0.2055795019157088 0.19576149425287356 0.4078065134099617
0 0.7256645114942529 0.13685344827586207 0.18983477011494254 0.2703544061302682
0 0.8933189655172413 0.27358716475095785 0.20617816091954022 0.540948275862069
0 0.1306573275862069 0.2939415708812261 0.24730603448275862 0.3532088122605364
0 0.05747126436781609 0.4384578544061303 0.11242816091954023 0.3299808429118774
0 0.18058548850574713 0.6854645593869731 0.24155890804597702 0.3924808429118774
1 0.49299568965517243 0.32590996168582376 0.1724137931034483 0.39846743295019155
1 0.7432650862068966 0.5149664750957854 0.1945043103448276 0.4892241379310345
