0 0.7879849137931034 0.05890804597701149 0.13954741379310345 0.11781609195402298
0 0.9400143678160919 0.13769157088122605 0.11637931034482758 0.13649425287356323
0 0.6637033045977011 0.10608237547892721 0.1384698275862069 0.20977011494252873
0 0.8944863505747126 0.5053879310344828 0.20743534482758622 0.28903256704980845
0 0.9079561781609196 0.8019636015325671 0.1804956896551724 0.3931992337164751
0 0.701867816091954 0.9184626436781609 0.34123563218390807 0.16020114942528735
0 0.4990122126436782 0.6549329501915708 0.38236350574712646 0.4861111111111111
0 0.3855962643678161 0.8166906130268199 0.2557471264367816 0.36087164750957856
0 0.5278376436781609 0.28903256704980845 0.2130028735632184 0.5780651340996169
0 0.5061063218390804 0.9594109195402298 0.08297413793103449 0.08165708812260536
