0 0.13676364942528735 0.946360153256705 0.17295258620689655 0.10440613026819924
0 0.35766882183908044 0.9289990421455939 0.2911278735632184 0.13912835249042146
0 0.6069504310344828 0.8466235632183908 0.22036637931034483 0.30387931034482757
0 0.7655352011494253 0.6399664750957854 0.46138649425287354 0.2703544061302682
0 0.9581537356321839 0.8371647509578544 0.08189655172413793 0.18342911877394635
0 0.11952227011494253 0.8000478927203065 0.23904454022988506 0.3970306513409962
0 0.23257902298850575 0.61147030651341 0.34410919540229884 0.5806992337164751
0 0.33252514367816094 0.2908285440613027 0.20563936781609196 0.5816570881226054
0 0.8977191091954023 0.30938697318007663 0.2009698275862069 0.22701149425287356
0 0.8325251436781609 0.4018199233716475 0.3292025862068966 0.3620689655172414
0 0.8944863505747126 0.14511494252873564 0.20743534482758622 0.2878352490421456
0 0.7394935344827587 0.1221264367816092 0.3701508620689655 0.23946360153256704
0 0.5352909482758621 0.12583812260536398 0.22970545977011494 0.25167624521072796
