0 0.9447737068965517 0.06621168582375479 0.10686063218390805 0.1300287356321839
0 0.681573275862069 0.5434626436781609 0.34913793103448276 0.42840038314176243
0 0.3514727011494253 0.7341954022988506 0.4504310344827586 0.26484674329501917
0 0.30549568965517243 0.06321839080459771 0.1839080459770115 0.12883141762452108
0 0.2548491379310345 0.12380268199233717 0.09554597701149425 0.10871647509578544
0 0.14206178160919541 0.09470785440613026 0.1875 0.18941570881226052
0 0.07749640804597702 0.04202586206896552 0.15499281609195403 0.08165708812260536
0 0.05845905172413793 0.28975095785440613 0.11512212643678162 0.34674329501915707
0 0.030621408045977013 0.1417624521072797 0.061242816091954026 0.12739463601532566
0 0.6587643678160919 0.25191570881226055 0.5172413793103449 0.342911877394636
0 0.5346623563218391 0.12284482758620689 0.49676724137931033 0.24568965517241378
1 0.09303160919540229 0.6821120689655172 0.18498563218390804 0.44276819923371646
0 0.31797772988505746 0.4528256704980843 0.31232040229885055 0.289272030651341
0 0.4827586206896552 0.4560584291187739 0.2471264367816092 0.38721264367816094
0 0.14700071839080459 0.8812260536398467 0.29040948275862066 0.23227969348659003
