1 0.5542385057471264 0.7193486590038314 0.20222701149425287 0.4434865900383142
0 0.8947557471264368 0.05148467432950191 0.20689655172413793 0.10057471264367816
0 0.40813577586206895 0.31429597701149425 0.2756824712643678 0.1875
0 0.328125 0.5906369731800766 0.11566091954022989 0.38481800766283525
0 0.3813757183908046 0.5281369731800766 0.1654094827586207 0.3896072796934866
0 0.29454022988505746 0.023227969348659006 0.08728448275862069 0.044061302681992334
0 0.15993175287356323 0.011613984674329503 0.06447557471264367 0.020833333333333332
0 0.06618175287356322 0.05148467432950191 0.13236350574712644 0.1053639846743295
0 0.026670258620689655 0.5680076628352491 0.051544540229885055 0.2217432950191571
0 0.10982399425287356 0.5918342911877394 0.20132902298850575 0.48778735632183906
0 0.047323994252873564 0.39272030651340994 0.09464798850574713 0.16044061302681992
0 0.08225574712643678 0.1998323754789272 0.16091954022988506 0.24018199233716475
