0 0.8536278735632183 0.1460727969348659 0.288433908045977 0.29549808429118773
0 0.5645653735632183 0.14200191570881227 0.3292025862068966 0.28400383141762453
0 0.46551724137931033 0.43582375478927204 0.21551724137931033 0.37308429118773945
0 0.6382004310344828 0.3457854406130268 0.20923132183908047 0.4904214559386973
0 0.8399784482758621 0.6090756704980843 0.31573275862068967 0.41594827586206895
0 0.06869612068965517 0.18905651340996169 0.13739224137931033 0.37811302681992337
0 0.22099497126436782 0.36147030651340994 0.33782327586206895 0.20474137931034483
0 0.18758979885057472 0.633860153256705 0.37517959770114945 0.39798850574712646
0 0.44656968390804597 0.8096264367816092 0.2153376436781609 0.3764367816091954
0 0.2130926724137931 0.8654214559386973 0.32417385057471265 0.26484674329501917
0 0.14179238505747127 0.4926963601532567 0.28358477011494254 0.2756226053639847
0 0.931573275862069 0.32926245210727967 0.13254310344827586 0.5727969348659003
0 0.8220186781609196 0.8823036398467433 0.27227011494252873 0.22629310344827586
0 0.7762212643678161 0.6743295019157088 0.29454022988505746 0.33524904214559387
0 0.9353448275862069 0.8426724137931034 0.125 0.18342911877394635
0 0.6029094827586207 0.7601772030651341 0.2672413793103448 0.47389846743295017
0 0.22961566091954022 0.18151340996168583 0.28107040229885055 0.36637931034482757
