0 0.3232758620689655 0.2391044061302682 0.46623563218390807 0.27801724137931033
1 0.28735632183908044 0.4074473180076628 0.48778735632183906 0.4873084291187739
0 0.34186422413793105 0.057590996168582376 0.11153017241379311 0.11326628352490421
0 0.580010775862069 0.08908045977011494 0.37733477011494254 0.1728927203065134
0 0.8387212643678161 0.13996647509578544 0.3225574712643678 0.27801724137931033
0 0.5973419540229885 0.3322557471264368 0.30639367816091956 0.2799329501915709
0 0.7609554597701149 0.4912595785440613 0.2805316091954023 0.5984195402298851
0 0.7372485632183908 0.48060344827586204 0.2557471264367816 0.5459770114942529
0 0.6745689655172413 0.8560823754789272 0.44288793103448276 0.28735632183908044
0 0.9340876436781609 0.4179837164750958 0.13038793103448276 0.24113984674329503
0 0.9445941091954023 0.6973180076628352 0.10829741379310345 0.3510536398467433
