0 0.8439295977011494 0.5892001915708812 0.3103448275862069 0.30196360153256707
0 0.21919899425287356 0.5280172413793104 0.320941091954023 0.19540229885057472
0 0.06501436781609195 0.3641044061302682 0.13110632183908047 0.5466954022988506
0 0.47521551724137934 0.5510057471264368 0.20905172413793102 0.4027777777777778
0 0.5114942528735632 0.8700909961685823 0.23742816091954022 0.25742337164750956
1 0.21991738505747127 0.7988505747126436 0.3302801724137931 0.39990421455938696
0 0.14879669540229884 0.7156369731800766 0.29867097701149425 0.2847222222222222
0 0.27218031609195403 0.9582136015325671 0.2911278735632184 0.08117816091954023
0 0.9178340517241379 0.29322318007662834 0.16433189655172414 0.5864463601532567
0 0.5497485632183908 0.20522030651340997 0.3577586206896552 0.41044061302681994
0 0.7879849137931034 0.16870210727969348 0.2598778735632184 0.33740421455938696
0 0.8734734195402298 0.8995450191570882 0.2530531609195402 0.19707854406130268
0 0.6228448275862069 0.4121168582375479 0.2065373563218391 0.4813218390804598
0 0.797503591954023 0.6943247126436781 0.3202227011494253 0.29334291187739464
0 0.9667744252873564 0.8022030651340997 0.06465517241379311 0.16379310344827586
0 0.6402658045977011 0.8072318007662835 0.2629310344827586 0.3817049808429119
0 0.1796875 0.27825670498084293 0.2713721264367816 0.5565134099616859
