0 0.374371408045977 0.8397988505747126 0.16002155172413793 0.31513409961685823
1 0.4020294540229885 0.6511015325670498 0.2250359195402299 0.2907088122605364
0 0.5141882183908046 0.6421216475095786 0.23132183908045978 0.35943486590038315
0 0.7583512931034483 0.7168342911877394 0.3644037356321839 0.1592432950191571
1 0.7095905172413793 0.5642959770114943 0.4019396551724138 0.26987547892720304
1 0.4737787356321839 0.4118773946360153 0.3261494252873563 0.1839080459770115
0 0.6883081896551724 0.8879310344827587 0.2002514367816092 0.21695402298850575
0 0.8683548850574713 0.8799090038314177 0.1939655172413793 0.23299808429118773
0 0.35174209770114945 0.36182950191570884 0.2702945402298851 0.19157088122605365
0 0.16244612068965517 0.46851053639846746 0.2002514367816092 0.40301724137931033
0 0.07076149425287356 0.46898946360153254 0.1400862068965517 0.13386015325670497
0 0.2646372126436782 0.08584770114942529 0.29723419540229884 0.17169540229885058
0 0.14583333333333334 0.2547892720306513 0.28879310344827586 0.3055555555555556
0 0.09734195402298851 0.10428639846743296 0.1932471264367816 0.20665708812260536
