0 0.49389367816091956 0.23527298850574713 0.2130028735632184 0.3532088122605364
0 0.6597521551724138 0.4301963601532567 0.38811063218390807 0.30148467432950193
1 0.7200969827586207 0.3175287356321839 0.22000718390804597 0.4918582375478927
1 0.33629669540229884 0.25059865900383144 0.47000718390804597 0.2828065134099617
0 0.4489044540229885 0.7247365900383141 0.4911997126436782 0.36278735632183906
0 0.6667564655172413 0.7969348659003831 0.3389008620689655 0.40373563218390807
0 0.922503591954023 0.6925287356321839 0.15319683908045978 0.5397509578544061
0 0.899066091954023 0.06872605363984674 0.19935344827586207 0.13266283524904215
0 0.36853448275862066 0.4373802681992337 0.3566810344827586 0.18845785440613028
0 0.04409123563218391 0.7798132183908046 0.08710488505747127 0.16546934865900384
