0 0.5050287356321839 0.2999281609195402 0.2625718390804598 0.31058429118773945
0 0.3964619252873563 0.36290708812260536 0.26598419540229884 0.28376436781609193
0 0.4192708333333333 0.6036877394636015 0.2667025862068966 0.22413793103448276
0 0.4602191091954023 0.7666427203065134 0.33566810344827586 0.20569923371647508
0 0.052262931034482756 0.8693726053639846 0.10272988505747127 0.25646551724137934
0 0.9279813218390804 0.9124760536398467 0.13757183908045978 0.17025862068965517
0 0.028556034482758622 0.43570402298850575 0.057112068965517244 0.09171455938697318
0 0.09895833333333333 0.031010536398467434 0.10021551724137931 0.05962643678160919
0 0.8160919540229885 0.05028735632183908 0.20545977011494254 0.10057471264367816
0 0.8326149425287356 0.773227969348659 0.3297413793103448 0.23850574712643677
0 0.8380028735632183 0.5180795019157088 0.32219827586206895 0.3886494252873563
0 0.8525502873563219 0.23311781609195403 0.2916666666666667 0.46623563218390807
0 0.04103807471264368 0.1452346743295019 0.08028017241379311 0.28376436781609193
