0 0.24883261494252873 0.6216475095785441 0.3629669540229885 0.21839080459770116
0 0.18489583333333334 0.5502873563218391 0.36476293103448276 0.21503831417624522
0 0.3222880747126437 0.3873323754789272 0.2792744252873563 0.17121647509578544
0 0.7352729885057471 0.19288793103448276 0.37176724137931033 0.3067528735632184
0 0.8433908045977011 0.4871886973180077 0.29310344827586204 0.4015804597701149
0 0.4130747126436782 0.7738266283524904 0.30423850574712646 0.38146551724137934
0 0.1206896551724138 0.8098659003831418 0.23886494252873564 0.25526819923371646
0 0.07058189655172414 0.2717911877394636 0.13972701149425287 0.19061302681992337
1 0.2750538793103448 0.1671455938697318 0.2702945402298851 0.3175287356321839
0 0.12230603448275862 0.12691570881226052 0.22557471264367815 0.25047892720306514
0 0.5085308908045977 0.06261973180076628 0.16505028735632185 0.11997126436781609
0 0.6455639367816092 0.07064176245210728 0.27424568965517243 0.1360153256704981
