0 0.2017780172413793 0.5811781609195402 0.3572198275862069 0.532088122605364
0 0.9367816091954023 0.7205459770114943 0.12464080459770115 0.23563218390804597
0 0.7432650862068966 0.641882183908046 0.21210488505747127 0.5893199233716475
0 0.5897090517241379 0.4099616858237548 0.2437140804597701 0.5842911877394636
0 0.7939116379310345 0.18043582375478928 0.2408405172413793 0.3632662835249042
0 0.8692528735632183 0.45522030651340994 0.2557471264367816 0.3299808429118774
0 0.41864224137931033 0.19600095785440613 0.24748563218390804 0.3896072796934866
0 0.1590337643678161 0.3368055555555556 0.31627155172413796 0.4154693486590038
0 0.023257902298850573 0.15373563218390804 0.046515804597701146 0.09913793103448276
0 0.421875 0.6543342911877394 0.23706896551724138 0.5371168582375478
0 0.5422952586206896 0.4353448275862069 0.22144396551724138 0.4339080459770115
