0 0.1902837643678161 0.3020833333333333 0.16756465517241378 0.38721264367816094
0 0.2372485632183908 0.45330459770114945 0.08369252873563218 0.06800766283524905
0 0.3387212643678161 0.4293582375478927 0.14942528735632185 0.4133141762452107
0 0.39888649425287354 0.6847461685823755 0.1285919540229885 0.24688697318007663
0 0.40642959770114945 0.6851053639846744 0.24209770114942528 0.2662835249042146
0 0.4445941091954023 0.8767959770114943 0.13164511494252873 0.24449233716475097
0 0.3411458333333333 0.8712883141762452 0.272808908045977 0.2569444444444444
0 0.16954022988505746 0.8224377394636015 0.1788793103448276 0.2789750957854406
0 0.05172413793103448 0.8682950191570882 0.10201149425287356 0.2595785440613027
0 0.2624820402298851 0.7242576628352491 0.15427442528735633 0.24688697318007663
0 0.08261494252873564 0.4638409961685824 0.1612787356321839 0.085727969348659
0 0.06555316091954023 0.33728448275862066 0.1285919540229885 0.19899425287356323
0 0.11027298850574713 0.4268438697318008 0.08081896551724138 0.05531609195402299
0 0.04409123563218391 0.057590996168582376 0.08818247126436782 0.11326628352490421
0 0.1455639367816092 0.09243295019157088 0.15391522988505746 0.18295019157088122
0 0.0668103448275862 0.19576149425287356 0.12966954022988506 0.22533524904214558
0 0.35820761494252873 0.1840277777777778 0.26275143678160917 0.21336206896551724
0 0.4389367816091954 0.37308429118773945 0.11278735632183907 0.25191570881226055
0 0.4172054597701149 0.5104166666666666 0.09195402298850575 0.11326628352490421
0 0.29454022988505746 0.051364942528735635 0.14295977011494254 0.10081417624521073
0 0.4682112068965517 0.10129310344827586 0.16630747126436782 0.19923371647509577
0 0.5422054597701149 0.23407567049808428 0.16810344827586207 0.4595306513409962
0 0.6601113505747126 0.3449473180076628 0.3011853448275862 0.16451149425287356
0 0.7672413793103449 0.18570402298850575 0.1846264367816092 0.366139846743295
0 0.9316630747126436 0.037835249042145594 0.1341594827586207 0.07375478927203065
0 0.5450790229885057 0.7376676245210728 0.14367816091954022 0.3024425287356322
0 0.5741738505747126 0.5120929118773946 0.2244971264367816 0.18893678160919541
0 0.7268318965517241 0.54477969348659 0.15301724137931033 0.28304597701149425
0 0.7526041666666666 0.8111829501915708 0.19594109195402298 0.30148467432950193
0 0.9407327586206896 0.3851772030651341 0.11602011494252873 0.2832854406130268
0 0.892510775862069 0.5590277777777778 0.21102729885057472 0.4561781609195402
0 0.6635237068965517 0.6267959770114943 0.15894396551724138 0.38146551724137934
0 0.8563218390804598 0.6708572796934866 0.11206896551724138 0.15732758620689655
0 0.9186422413793104 0.8599137931034483 0.1612787356321839 0.27298850574712646
0 0.6773527298850575 0.9426484674329502 0.36799568965517243 0.11087164750957855
0 0.11871408045977011 0.9468390804597702 0.1846264367816092 0.1024904214559387
0 0.7117456896551724 0.8312978927203065 0.14547413793103448 0.20761494252873564
0 0.6329920977011494 0.8721264367816092 0.042205459770114945 0.085727969348659
