0 0.6076688218390804 0.125 0.2279094827586207 0.25
0 0.8996048850574713 0.4580938697318008 0.20079022988505746 0.3204022988505747
0 0.8791307471264368 0.8263888888888888 0.24173850574712644 0.3457854406130268
0 0.1633441091954023 0.6588840996168582 0.32525143678160917 0.24305555555555555
0 0.3644935344827586 0.8321360153256705 0.28789511494252873 0.3204022988505747
0 0.10039511494252873 0.36877394636015326 0.20079022988505746 0.4171455938697318
0 0.5776760057471264 0.5635775862068966 0.4344468390804598 0.28520114942528735
0 0.13811063218390804 0.8752394636015326 0.2762212643678161 0.25
0 0.08970905172413793 0.7550287356321839 0.17941810344827586 0.29310344827586204
0 0.805944683908046 0.7009099616858238 0.28717672413793105 0.2705938697318008
0 0.5625897988505747 0.8019636015325671 0.2315014367816092 0.3946360153256705
0 0.2718211206896552 0.33261494252873564 0.3442887931034483 0.6436781609195402
0 0.6109913793103449 0.951867816091954 0.0980603448275862 0.09674329501915709
0 0.4119971264367816 0.9618055555555556 0.11566091954022989 0.07590996168582376
0 0.013020833333333334 0.19372605363984674 0.02244971264367816 0.16283524904214558
