0 0.3805675287356322 0.5640565134099617 0.30028735632183906 0.44612068965517243
0 0.1775323275862069 0.6257183908045977 0.35326867816091956 0.29837164750957856
1 0.6576867816091954 0.44959291187739464 0.3229166666666667 0.45522030651340994
0 0.4743175287356322 0.7631704980842912 0.28771551724137934 0.4698275862068966
1 0.7413793103448276 0.3734434865900383 0.37751436781609193 0.5672892720306514
0 0.24479166666666666 0.3308189655172414 0.48778735632183906 0.2938218390804598
0 0.3073814655172414 0.20581896551724138 0.22970545977011494 0.40924329501915707
0 0.1349676724137931 0.13122605363984674 0.2699353448275862 0.2624521072796935
0 0.6084770114942529 0.9279214559386973 0.16235632183908047 0.14224137931034483
0 0.5529813218390804 0.0516044061302682 0.2765804597701149 0.1032088122605364
0 0.8217492816091954 0.8225574712643678 0.35326867816091956 0.31513409961685823
0 0.8800287356321839 0.9768917624521073 0.23994252873563218 0.04669540229885057
0 0.9748563218390804 0.6954022988505747 0.04669540229885057 0.05890804597701149
