1 0.6330818965517241 0.5416666666666666 0.2579022988505747 0.7298850574712644
1 0.8885596264367817 0.4595306513409962 0.22036637931034483 0.42193486590038315
0 0.24155890804597702 0.9066091954022989 0.33764367816091956 0.18151340996168583
0 0.857489224137931 0.6839080459770115 0.27783764367816094 0.3390804597701149
0 0.4953304597701149 0.04621647509578544 0.20294540229885058 0.08908045977011494
0 0.058010057471264365 0.5814176245210728 0.11135057471264367 0.15948275862068967
0 0.46892959770114945 0.6939655172413793 0.2672413793103448 0.603448275862069
0 0.6928879310344828 0.8346503831417624 0.2180316091954023 0.32830459770114945
0 0.8657507183908046 0.8815852490421456 0.2613146551724138 0.23156130268199235
0 0.9589619252873564 0.14379789272030652 0.07740660919540229 0.28759578544061304
0 0.9267241379310345 0.8182471264367817 0.14188218390804597 0.12021072796934866
