0 0.4367816091954023 0.5513649425287356 0.35811781609195403 0.4260057471264368
0 0.7210847701149425 0.7238984674329502 0.23060344827586207 0.5469348659003831
0 0.18552442528735633 0.6096743295019157 0.3699712643678161 0.27586206896551724
1 0.8769755747126436 0.5654932950191571 0.2435344827586207 0.7325191570881227
0 0.4863505747126437 0.7808908045977011 0.3728448275862069 0.2859195402298851
0 0.2315014367816092 0.21216475095785442 0.13685344827586207 0.4228927203065134
0 0.36745689655172414 0.2237787356321839 0.20510057471264367 0.4442049808429119
0 0.4404633620689655 0.05411877394636015 0.2749640804597701 0.1082375478927203
0 0.6722341954022989 0.08536877394636015 0.20977011494252873 0.1707375478927203
0 0.5720186781609196 0.31297892720306514 0.22988505747126436 0.414272030651341
0 0.9348060344827587 0.3184865900383142 0.1257183908045977 0.5483716475095786
0 0.8186063218390804 0.6027298850574713 0.19432471264367815 0.5239463601532567
0 0.21129669540229884 0.8603927203065134 0.19845545977011494 0.27586206896551724
0 0.39394755747126436 0.8436302681992337 0.2756824712643678 0.3074712643678161
0 0.029364224137931036 0.9511494252873564 0.05621408045977012 0.09243295019157088
0 0.07884339080459771 0.9579741379310345 0.08764367816091954 0.0821360153256705
0 0.09069683908045977 0.24820402298850575 0.1788793103448276 0.4964080459770115
