0 0.26849856321839083 0.05986590038314176 0.1910919540229885 0.11973180076628352
0 0.11934267241379311 0.16032088122605365 0.23760775862068967 0.3110632183908046
0 0.08045977011494253 0.8426724137931034 0.1598419540229885 0.2581417624521073
0 0.21785201149425287 0.953544061302682 0.24892241379310345 0.08908045977011494
0 0.17636494252873564 0.5795019157088123 0.3538074712643678 0.29262452107279696
0 0.04669540229885057 0.5465756704980843 0.0923132183908046 0.16882183908045978
0 0.15014367816091953 0.3806273946360153 0.30136494252873564 0.21623563218390804
0 0.01903735632183908 0.2616139846743295 0.03556034482758621 0.06489463601532568
1 0.5614224137931034 0.3823036398467433 0.22844827586206898 0.4561781609195402
0 0.672503591954023 0.6949233716475096 0.2785560344827586 0.3290229885057471
