0 0.24380387931034483 0.141044061302682 0.1740301724137931 0.282088122605364
0 0.07731681034482758 0.06657088122605365 0.14385775862068967 0.13026819923371646
0 0.04992816091954023 0.2470067049808429 0.09770114942528736 0.3278256704980843
0 0.16756465517241378 0.25634578544061304 0.3286637931034483 0.3436302681992337
0 0.171875 0.484794061302682 0.34375 0.23060344827586207
0 0.39313936781609193 0.06297892720306514 0.10308908045977011 0.12021072796934866
0 0.5214619252873564 0.08524904214559387 0.3083692528735632 0.15613026819923373
0 0.8270474137931034 0.048012452107279696 0.32435344827586204 0.09315134099616858
0 0.9419899425287356 0.1998323754789272 0.11386494252873564 0.3508141762452107
0 0.5321479885057471 0.8900862068965517 0.33620689655172414 0.2164750957854406
0 0.545617816091954 0.5563936781609196 0.32004310344827586 0.2880747126436782
0 0.5370869252873564 0.2649664750957854 0.38667385057471265 0.27514367816091956
0 0.04409123563218391 0.9475574712643678 0.08710488505747127 0.09961685823754789
