0 0.43004669540229884 0.39200191570881227 0.4405531609195402 0.28304597701149425
1 0.40669899425287354 0.5625 0.4682112068965517 0.4477969348659004
0 0.6991738505747126 0.46132662835249044 0.3132183908045977 0.27227011494252873
0 0.8604525862068966 0.626676245210728 0.2765804597701149 0.6115900383141762
0 0.853448275862069 0.6150622605363985 0.26903735632183906 0.5730363984674329
0 0.8864942528735632 0.2478448275862069 0.22306034482758622 0.25383141762452105
0 0.7996587643678161 0.9245689655172413 0.39816810344827586 0.1503831417624521
0 0.6493354885057471 0.1592432950191571 0.4366020114942529 0.30842911877394635
0 0.3600933908045977 0.1344588122605364 0.2640086206896552 0.2636494252873563
0 0.8853268678160919 0.05256226053639847 0.22683189655172414 0.10512452107279693
