0 0.11117097701149425 0.6509818007662835 0.1476293103448276 0.38721264367816094
0 0.09536637931034483 0.9621647509578544 0.057112068965517244 0.07088122605363985
0 0.2770294540229885 0.8310584291187739 0.15535201149425287 0.3297413793103448
0 0.29507902298850575 0.9521072796934866 0.08010057471264367 0.085727969348659
0 0.22306034482758622 0.7365900383141762 0.11530172413793104 0.20019157088122605
0 0.28924209770114945 0.5753113026819924 0.10757902298850575 0.2813697318007663
0 0.2859195402298851 0.545617816091954 0.17708333333333334 0.3077107279693487
0 0.40813577586206895 0.6536159003831418 0.14098419540229884 0.3436302681992337
0 0.4914691091954023 0.49748563218390807 0.24586925287356323 0.1592432950191571
0 0.3194145114942529 0.3414750957854406 0.23473419540229884 0.19157088122605365
0 0.32363505747126436 0.20330459770114942 0.2733477011494253 0.20881226053639848
0 0.5868354885057471 0.13110632183908047 0.12194683908045977 0.26221264367816094
0 0.6383800287356322 0.40086206896551724 0.23401580459770116 0.2246168582375479
0 0.7147090517241379 0.6889367816091954 0.20456178160919541 0.24664750957854406
0 0.9433369252873564 0.9179837164750958 0.1108117816091954 0.1592432950191571
0 0.8927801724137931 0.623323754789272 0.19216954022988506 0.3113026819923372
0 0.8449173850574713 0.47701149425287354 0.265625 0.19492337164750959
0 0.8806573275862069 0.7649664750957854 0.23617097701149425 0.1678639846743295
0 0.4737787356321839 0.09530651340996169 0.1526580459770115 0.18726053639846743
0 0.7914870689655172 0.05328065134099617 0.3135775862068966 0.10656130268199233
0 0.8389906609195402 0.164272030651341 0.1909123563218391 0.1556513409961686
0 0.6757363505747126 0.2565852490421456 0.25915948275862066 0.22485632183908047
0 0.7416487068965517 0.3829022988505747 0.2307830459770115 0.2849616858237548
0 0.8556932471264368 0.38122605363984674 0.14170258620689655 0.07710727969348659
0 0.8121408045977011 0.9254070881226054 0.1867816091954023 0.1424808429118774
0 0.41998922413793105 0.9000239463601533 0.18947557471264367 0.1985153256704981
0 0.4990122126436782 0.3225574712643678 0.12051005747126436 0.2710727969348659
0 0.7144396551724138 0.08656609195402298 0.18031609195402298 0.14870689655172414
