0 0.2620330459770115 0.407088122605364 0.1910919540229885 0.5454980842911877
0 0.5340337643678161 0.7073754789272031 0.20276580459770116 0.5268199233716475
0 0.2649066091954023 0.9644396551724138 0.18283045977011494 0.06585249042145594
0 0.8041487068965517 0.7056992337164751 0.38451867816091956 0.22365900383141762
0 0.8710488505747126 0.35811781609195403 0.12895114942528735 0.18271072796934865
0 0.9061602011494253 0.8136973180076629 0.18516522988505746 0.36733716475095785
0 0.5739044540229885 0.9160680076628352 0.16756465517241378 0.15636973180076627
0 0.4120869252873563 0.7410201149425287 0.15355603448275862 0.5126915708812261
0 0.9207974137931034 0.27286877394636017 0.1512212643678161 0.5423850574712644
0 0.16235632183908047 0.6784003831417624 0.32471264367816094 0.2624521072796935
1 0.34707255747126436 0.7455699233716475 0.37051005747126436 0.41594827586206895
0 0.7872665229885057 0.5932710727969349 0.4207974137931034 0.2703544061302682
