0 0.8709590517241379 0.31417624521072796 0.2548491379310345 0.24568965517241378
0 0.8576688218390804 0.4614463601532567 0.2828663793103448 0.2078544061302682
0 0.7422772988505747 0.19923371647509577 0.28125 0.31657088122605365
0 0.4796156609195402 0.21910919540229884 0.15930316091954022 0.4382183908045977
1 0.4750359195402299 0.18318965517241378 0.3045977011494253 0.23132183908045978
0 0.5584590517241379 0.06776819923371648 0.15104166666666666 0.13553639846743296
0 0.845635775862069 0.9394157088122606 0.3069324712643678 0.11733716475095786
0 0.6260775862068966 0.39774904214559387 0.14188218390804597 0.38601532567049807
0 0.12401221264367816 0.7441331417624522 0.24982040229885058 0.49449233716475094
0 0.3402478448275862 0.5454980842911877 0.23581178160919541 0.19013409961685823
0 0.5295438218390804 0.5609434865900383 0.23401580459770116 0.3254310344827586
1 0.4755747126436782 0.750838122605364 0.33189655172413796 0.24018199233716475
0 0.2585308908045977 0.7695162835249042 0.18013649425287356 0.39727011494252873
0 0.018229166666666668 0.6927681992337165 0.036458333333333336 0.17480842911877395
0 0.032327586206896554 0.41379310344827586 0.06645114942528736 0.22126436781609196
0 0.2605962643678161 0.9876676245210728 0.06645114942528736 0.023227969348659006
