0 0.11054238505747127 0.6307471264367817 0.2192887931034483 0.35823754789272033
0 0.26957614942528735 0.20246647509578544 0.18139367816091953 0.4049329501915709
0 0.4105603448275862 0.05328065134099617 0.06824712643678162 0.10416666666666667
0 0.5390625 0.5625 0.28573994252873564 0.2696360153256705
0 0.7008800287356322 0.7361111111111112 0.3360272988505747 0.20019157088122605
0 0.9020294540229885 0.5379549808429118 0.19594109195402298 0.4743773946360153
0 0.7996587643678161 0.5595067049808429 0.14206178160919541 0.25646551724137934
0 0.5184087643678161 0.9349856321839081 0.2552083333333333 0.13050766283524903
0 0.6531968390804598 0.913433908045977 0.13110632183908047 0.1736111111111111
0 0.7147988505747126 0.34794061302681994 0.2614942528735632 0.4157088122605364
0 0.5677981321839081 0.3090277777777778 0.15104166666666666 0.3642241379310345
0 0.48563218390804597 0.08620689655172414 0.13936781609195403 0.1724137931034483
0 0.7017780172413793 0.08022030651340996 0.3270474137931034 0.1556513409961686
0 0.02514367816091954 0.8475814176245211 0.04849137931034483 0.10656130268199233
0 0.01661278735632184 0.6301484674329502 0.03322557471264368 0.17744252873563218
0 0.32210847701149425 0.9762931034482759 0.05477729885057471 0.04549808429118774
0 0.9398347701149425 0.6618773946360154 0.04130747126436782 0.08764367816091954
0 0.4739583333333333 0.7816091954022989 0.1555316091954023 0.3175287356321839
0 0.4511494252873563 0.7966954022988506 0.2855603448275862 0.1939655172413793
