0 0.5780352011494253 0.0712404214559387 0.3406968390804598 0.1424808429118774
0 0.3913433908045977 0.061901340996168584 0.10308908045977011 0.12619731800766285
0 0.27155172413793105 0.08105842911877395 0.2349137931034483 0.16451149425287356
0 0.15373563218390804 0.10584291187739464 0.20330459770114942 0.20689655172413793
0 0.07677801724137931 0.6307471264367817 0.15247844827586207 0.2686781609195402
0 0.12347341954022989 0.34410919540229884 0.24515086206896552 0.5076628352490421
0 0.5438218390804598 0.655411877394636 0.44073275862068967 0.25622605363984674
0 0.7566451149425287 0.13182471264367815 0.48096264367816094 0.26125478927203066
0 0.3402478448275862 0.8564415708812261 0.29040948275862066 0.28376436781609193
0 0.44549209770114945 0.3876915708812261 0.22467672413793102 0.3170498084291188
0 0.6374820402298851 0.36314655172413796 0.2437140804597701 0.391044061302682
1 0.1825610632183908 0.7097701149425287 0.34033764367816094 0.5737547892720306
0 0.8379130747126436 0.4295977011494253 0.32058189655172414 0.4339080459770115
