0 0.5500179597701149 0.7393438697318008 0.16792385057471265 0.32112068965517243
0 0.5960847701149425 0.8920019157088123 0.2094109195402299 0.20737547892720307
0 0.7332076149425287 0.8290229885057471 0.22683189655172414 0.3333333333333333
0 0.9222341954022989 0.8466235632183908 0.15229885057471265 0.3024425287356322
0 0.1320043103448276 0.8823036398467433 0.24568965517241378 0.2310823754789272
0 0.38685344827586204 0.037116858237547894 0.07614942528735633 0.07136015325670499
0 0.8647629310344828 0.4017001915708812 0.24461206896551724 0.49257662835249044
0 0.7070761494252874 0.41367337164750956 0.2165948275862069 0.2181513409961686
0 0.39601293103448276 0.7145593869731801 0.2165948275862069 0.17624521072796934
0 0.045617816091954026 0.1713362068965517 0.0923132183908046 0.33979885057471265
0 0.11036278735632184 0.04789272030651341 0.15068247126436782 0.09291187739463602
0 0.3573994252873563 0.9762931034482759 0.19755747126436782 0.04310344827586207
0 0.030441810344827586 0.9665948275862069 0.05836925287356322 0.06441570881226054
0 0.499371408045977 0.5173611111111112 0.26526580459770116 0.22246168582375478
0 0.19387571839080459 0.6501436781609196 0.33926005747126436 0.203544061302682
0 0.2605962643678161 0.3670977011494253 0.3117816091954023 0.31513409961685823
0 0.03933189655172414 0.6582854406130269 0.07471264367816093 0.3453065134099617
0 0.3750897988505747 0.2055795019157088 0.18372844827586207 0.4111590038314176
