0 0.7857399425287356 0.08668582375478927 0.29022988505747127 0.171455938697318
0 0.9270833333333334 0.14643199233716475 0.14439655172413793 0.29477969348659006
0 0.554058908045977 0.22497605363984674 0.23347701149425287 0.44612068965517243
1 0.19917385057471265 0.33405172413793105 0.3311781609195402 0.5402298850574713
0 0.35596264367816094 0.15289750957854406 0.20114942528735633 0.30387931034482757
0 0.49470186781609193 0.06896551724137931 0.18983477011494254 0.13697318007662834
0 0.34186422413793105 0.5543582375478927 0.25125718390804597 0.4846743295019157
1 0.5647449712643678 0.5804597701149425 0.40247844827586204 0.36877394636015326
0 0.2745150862068966 0.8851772030651341 0.14780890804597702 0.22629310344827586
0 0.8696120689655172 0.4627634099616858 0.2593390804597701 0.4671934865900383
