0 0.5097880747126436 0.2405411877394636 0.13918821839080459 0.40445402298850575
0 0.701867816091954 0.40457375478927204 0.40876436781609193 0.2569444444444444
0 0.7377873563218391 0.22569444444444445 0.3735632183908046 0.3991858237547893
0 0.5254130747126436 0.8002873563218391 0.25125718390804597 0.2916666666666667
0 0.4707255747126437 0.7292863984674329 0.18893678160919541 0.4097222222222222
0 0.29040948275862066 0.71875 0.2941810344827586 0.19803639846743296
0 0.19791666666666666 0.469588122605364 0.24209770114942528 0.33860153256704983
0 0.28520114942528735 0.8811063218390804 0.19540229885057472 0.2238984674329502
0 0.09967672413793104 0.8620689655172413 0.20186781609195403 0.2725095785440613
0 0.625 0.904573754789272 0.25 0.1875
0 0.7454202586206896 0.6493055555555556 0.36332614942528735 0.21192528735632185
0 0.39197198275862066 0.36721743295019155 0.16145833333333334 0.258860153256705
1 0.35488505747126436 0.16582854406130268 0.1627155172413793 0.33165708812260536
0 0.13999640804597702 0.17540708812260536 0.27999281609195403 0.2708333333333333
0 0.9089439655172413 0.10416666666666667 0.17708333333333334 0.2049808429118774
0 0.9544719827586207 0.7761015325670498 0.08854166666666667 0.3577586206896552
0 0.08010057471264367 0.8837404214559387 0.15768678160919541 0.22916666666666666
0 0.07489224137931035 0.6337404214559387 0.14727011494252873 0.3263888888888889
0 0.11781609195402298 0.03388409961685824 0.23563218390804597 0.06776819923371648
