1 0.10820761494252873 0.6596024904214559 0.21497844827586207 0.5174808429118773
0 0.1669360632183908 0.24580938697318008 0.23186063218390804 0.4897030651340996
0 0.34913793103448276 0.3029214559386973 0.21048850574712644 0.43438697318007663
0 0.2712823275862069 0.6388888888888888 0.3838002873563218 0.3975095785440613
0 0.5359195402298851 0.4861111111111111 0.20869252873563218 0.4578544061302682
0 0.6487068965517241 0.4419300766283525 0.28160919540229884 0.4619252873563218
0 0.655621408045977 0.24904214559386972 0.19845545977011494 0.3453065134099617
0 0.8506645114942529 0.23647030651340997 0.29867097701149425 0.2880747126436782
0 0.9246587643678161 0.060943486590038315 0.14816810344827586 0.11997126436781609
0 0.9678520114942529 0.30711206896551724 0.0617816091954023 0.12188697318007663
0 0.5557650862068966 0.0698036398467433 0.1840876436781609 0.1343390804597701
0 0.7199173850574713 0.9586925287356322 0.23617097701149425 0.0806992337164751
0 0.5535201149425287 0.9354645593869731 0.2413793103448276 0.12523946360153257
