0 0.04534841954022988 0.8896072796934866 0.09069683908045977 0.21839080459770116
0 0.5116738505747126 0.36075191570881227 0.27729885057471265 0.21479885057471265
0 0.4859015804597701 0.5681273946360154 0.19198994252873564 0.27945402298850575
0 0.48320761494252873 0.6173371647509579 0.13380028735632185 0.37787356321839083
0 0.2645474137931034 0.7728687739463601 0.14511494252873564 0.35799808429118773
0 0.3983477011494253 0.8755986590038314 0.2349137931034483 0.2464080459770115
0 0.48895474137931033 0.9730603448275862 0.1470905172413793 0.05387931034482758
0 0.6122485632183908 0.7142001915708812 0.1875 0.3603927203065134
0 0.7759518678160919 0.8327346743295019 0.08351293103448276 0.20522030651340997
0 0.6993534482758621 0.8521312260536399 0.17349137931034483 0.29334291187739464
0 0.6175466954022989 0.9295977011494253 0.2192887931034483 0.1336206896551724
0 0.8934985632183908 0.8738026819923371 0.21120689655172414 0.25
