0 0.5577406609195402 0.7887931034482759 0.43624281609195403 0.2801724137931034
0 0.7832255747126436 0.9420498084291188 0.33477011494252873 0.11302681992337164
0 0.6865122126436781 0.17492816091954022 0.24730603448275862 0.34985632183908044
1 0.8162715517241379 0.4074473180076628 0.20007183908045978 0.5917145593869731
0 0.6335308908045977 0.4353448275862069 0.33674568965517243 0.4813218390804598
0 0.23257902298850575 0.2537116858237548 0.46336206896551724 0.4724616858237548
0 0.4521372126436782 0.21276340996168583 0.23257902298850575 0.4279214559386973
0 0.5367277298850575 0.1090756704980843 0.26239224137931033 0.2157567049808429
0 0.8944863505747126 0.5872844827586207 0.20743534482758622 0.3139367816091954
0 0.9739583333333334 0.25179597701149425 0.04849137931034483 0.11422413793103449
0 0.9060704022988506 0.11470306513409961 0.18426724137931033 0.2246168582375479
0 0.2665229885057471 0.5841714559386973 0.5330459770114943 0.3249521072796935
