0 0.19630028735632185 0.8739224137931034 0.3926005747126437 0.25263409961685823
0 0.09653376436781609 0.7446120689655172 0.1284123563218391 0.09937739463601533
0 0.49551005747126436 0.8433908045977011 0.13577586206896552 0.27298850574712646
1 0.4800646551724138 0.6694204980842912 0.24892241379310345 0.40014367816091956
0 0.3125897988505747 0.6181752873563219 0.30010775862068967 0.3402777777777778
0 0.3630567528735632 0.5474137931034483 0.32525143678160917 0.20114942528735633
0 0.07004310344827586 0.0443007662835249 0.13829022988505746 0.08620689655172414
0 0.6149425287356322 0.3875718390804598 0.27586206896551724 0.22629310344827586
1 0.5233477011494253 0.17612547892720307 0.21839080459770116 0.3474616858237548
0 0.7061781609195402 0.08800287356321838 0.24964080459770116 0.17600574712643677
0 0.5818067528735632 0.04669540229885057 0.06734913793103449 0.09339080459770115
0 0.8203125 0.2994492337164751 0.21569683908045978 0.4169061302681992
0 0.8472521551724138 0.2377873563218391 0.19773706896551724 0.4707854406130268
0 0.39035560344827586 0.34434865900383144 0.15535201149425287 0.25766283524904215
0 0.37113864942528735 0.3425526819923372 0.27316810344827586 0.25407088122605365
