0 0.9095725574712644 0.07435344827586207 0.17941810344827586 0.1467911877394636
0 0.6017420977011494 0.18067528735632185 0.20168821839080459 0.35943486590038315
0 0.4879669540229885 0.38338122605363983 0.18211206896551724 0.4353448275862069
0 0.18301005747126436 0.3301005747126437 0.29310344827586204 0.16977969348659003
0 0.19908405172413793 0.23946360153256704 0.22431752873563218 0.4755747126436782
0 0.05172413793103448 0.10093390804597702 0.10201149425287356 0.19659961685823754
0 0.13864942528735633 0.5023946360153256 0.2733477011494253 0.22509578544061304
0 0.8859554597701149 0.5494492337164751 0.2280890804597701 0.37811302681992337
0 0.3151041666666667 0.8888888888888888 0.2961566091954023 0.22030651340996169
0 0.08315373563218391 0.9161877394636015 0.16630747126436782 0.16379310344827586
0 0.1937859195402299 0.9645593869731801 0.1555316091954023 0.06896551724137931
0 0.1455639367816092 0.7486829501915708 0.28717672413793105 0.18989463601532566
0 0.9820402298850575 0.6339798850574713 0.0334051724137931 0.2377873563218391
