0 0.22512571839080459 0.8542863984674329 0.2954382183908046 0.2828065134099617
0 0.16361350574712644 0.63852969348659 0.3225574712643678 0.42983716475095785
0 0.8662895114942529 0.9363026819923371 0.2649066091954023 0.125
0 0.10605244252873564 0.22042624521072796 0.21210488505747127 0.43462643678160917
0 0.358746408045977 0.03364463601532567 0.2322198275862069 0.0639367816091954
0 0.6963900862068966 0.8409961685823755 0.234375 0.31273946360153254
0 0.8792205459770115 0.6252394636015326 0.23688936781609196 0.2940613026819923
0 0.14538433908045978 0.26807950191570884 0.28825431034482757 0.351772030651341
0 0.30073635057471265 0.35009578544061304 0.29436063218390807 0.5565134099616859
1 0.4489942528735632 0.3485392720306513 0.21336206896551724 0.5845306513409961
