0 0.9757543103448276 0.3401580459770115 0.04849137931034483 0.2856800766283525
0 0.8408764367816092 0.07650862068965517 0.26903735632183906 0.1511015325670498
1 0.40167025862068967 0.15672892720306514 0.19594109195402298 0.3101053639846743
0 0.4864403735632184 0.3184865900383142 0.25341235632183906 0.19827586206896552
0 0.39861709770114945 0.5171216475095786 0.27532327586206895 0.2511973180076628
1 0.46848060344827586 0.5574712643678161 0.29938936781609193 0.21599616858237547
0 0.6531968390804598 0.6586446360153256 0.2640086206896552 0.41834291187739464
0 0.272808908045977 0.1294300766283525 0.16379310344827586 0.258860153256705
0 0.11593031609195402 0.2847222222222222 0.2293462643678161 0.4133141762452107
0 0.15948275862068967 0.2995689655172414 0.3175287356321839 0.1925287356321839
0 0.20294540229885058 0.9250478927203065 0.39188218390804597 0.14942528735632185
0 0.06366738505747127 0.7078544061302682 0.12589798850574713 0.3706896551724138
0 0.1235632183908046 0.5306513409961686 0.23814655172413793 0.25622605363984674
0 0.029633620689655173 0.43354885057471265 0.057830459770114945 0.18654214559386972
0 0.15535201149425287 0.7112068965517241 0.3017241379310345 0.20402298850574713
0 0.30019755747126436 0.7770593869731801 0.33710488505747127 0.27729885057471265
