0 0.15625 0.7003113026819924 0.3081896551724138 0.2521551724137931
0 0.14179238505747127 0.4826388888888889 0.28142959770114945 0.2492816091954023
0 0.019845545977011495 0.5765086206896551 0.04184626436781609 0.09027777777777778
0 0.046515804597701146 0.32004310344827586 0.08584770114942529 0.10751915708812261
0 0.15732758620689655 0.2534722222222222 0.2309626436781609 0.4154693486590038
0 0.20896192528735633 0.09303160919540229 0.2975933908045977 0.18606321839080459
0 0.39044540229885055 0.15900383141762453 0.23958333333333334 0.31513409961685823
0 0.680944683908046 0.11673850574712644 0.3608117816091954 0.22772988505747127
0 0.8942169540229885 0.23060344827586207 0.2094109195402299 0.4583333333333333
1 0.4646192528735632 0.41163793103448276 0.3448275862068966 0.2878352490421456
0 0.5160739942528736 0.6960009578544061 0.2975933908045977 0.35225095785440613
0 0.5928520114942529 0.9582136015325671 0.22341954022988506 0.07734674329501916
0 0.44136135057471265 0.20821360153256704 0.2911278735632184 0.26317049808429116
0 0.03026221264367816 0.030771072796934865 0.058010057471264365 0.06154214559386973
