0 0.281878591954023 0.46455938697318006 0.2922054597701149 0.18486590038314177
0 0.37113864942528735 0.8067528735632183 0.17869971264367815 0.35344827586206895
0 0.3311781609195402 0.7807710727969349 0.2920258620689655 0.2617337164750958
0 0.1171875 0.5996168582375478 0.23257902298850575 0.3783524904214559
0 0.21892959770114942 0.8857758620689655 0.2338362068965517 0.22557471264367815
0 0.1278735632183908 0.9618055555555556 0.09015804597701149 0.07064176245210728
0 0.057201867816091954 0.8836206896551724 0.11260775862068965 0.22701149425287356
0 0.039511494252873564 0.6758860153256705 0.07722701149425287 0.26795977011494254
0 0.17016882183908047 0.12954980842911878 0.33674568965517243 0.2543103448275862
0 0.055765086206896554 0.32375478927203066 0.1079382183908046 0.14128352490421456
0 0.04669540229885057 0.09710249042145594 0.08908045977011494 0.06968390804597702
