0 0.012392241379310345 0.9436063218390804 0.022988505747126436 0.07112068965517242
0 0.26427801724137934 0.9087643678160919 0.1754669540229885 0.18007662835249041
0 0.7706537356321839 0.9595306513409961 0.07435344827586207 0.07854406130268199
0 0.19297772988505746 0.4779693486590038 0.38415948275862066 0.3505747126436782
1 0.46686422413793105 0.43929597701149425 0.44486350574712646 0.24880268199233715
0 0.6282327586206896 0.8873323754789272 0.4734195402298851 0.22054597701149425
1 0.5446300287356322 0.6715756704980843 0.3758979885057471 0.47772988505747127
1 0.7725395114942529 0.6709770114942529 0.453125 0.3371647509578544
0 0.30010775862068967 0.19300766283524903 0.5689655172413793 0.3735632183908046
0 0.10802801724137931 0.1336206896551724 0.21426005747126436 0.26484674329501917
