0 0.3485093390804598 0.08022030651340996 0.2192887931034483 0.15708812260536398
0 0.3822737068965517 0.461566091954023 0.2667025862068966 0.20569923371647508
0 0.8749102011494253 0.48682950191570884 0.16002155172413793 0.2624521072796935
0 0.8843390804597702 0.5311302681992337 0.13397988505747127 0.3668582375478927
0 0.7754130747126436 0.36362547892720304 0.12446120689655173 0.3857758620689655
0 0.649066091954023 0.4677921455938697 0.23347701149425287 0.20234674329501914
0 0.4859015804597701 0.18366858237547892 0.24191810344827586 0.19204980842911878
1 0.3108836206896552 0.16906130268199235 0.23168103448275862 0.24664750957854406
0 0.31483477011494254 0.32794540229885055 0.26795977011494254 0.1707375478927203
0 0.25969827586206895 0.7800526819923371 0.25251436781609193 0.2449712643678161
0 0.529364224137931 0.8923611111111112 0.22755028735632185 0.21192528735632185
0 0.7335668103448276 0.8350095785440613 0.2365301724137931 0.2835249042145594
0 0.7720905172413793 0.7077346743295019 0.19863505747126436 0.25838122605363983
0 0.4671336206896552 0.7898706896551724 0.1221264367816092 0.2995689655172414
0 0.4833872126436782 0.49161877394636017 0.1937859195402299 0.303639846743295
0 0.24236709770114942 0.6208093869731801 0.16361350574712644 0.1400862068965517
0 0.3219288793103448 0.6211685823754789 0.08063936781609195 0.11685823754789272
0 0.5981501436781609 0.6232040229885057 0.12805316091954022 0.27131226053639845
0 0.30549568965517243 0.39487547892720304 0.1713362068965517 0.09243295019157088
0 0.4004130747126437 0.6093151340996169 0.18444683908045978 0.2861590038314176
0 0.8577586206896551 0.1300287356321839 0.1968390804597701 0.25862068965517243
0 0.9217852011494253 0.23742816091954022 0.15535201149425287 0.3263888888888889
0 0.3156429597701149 0.7453304597701149 0.20348419540229884 0.18031609195402298
0 0.9647090517241379 0.4014607279693487 0.06806752873563218 0.17696360153256704
0 0.22288074712643677 0.9791666666666666 0.13397988505747127 0.03639846743295019
