0 0.5529813218390804 0.6997126436781609 0.16451149425287356 0.32231800766283525
0 0.6012033045977011 0.8722461685823755 0.2192887931034483 0.25407088122605365
1 0.4973958333333333 0.48227969348659006 0.2609554597701149 0.2332375478927203
0 0.3958333333333333 0.6805555555555556 0.21336206896551724 0.17097701149425287
0 0.19118175287356323 0.6206896551724138 0.34249281609195403 0.19588122605363983
0 0.8636853448275862 0.34638409961685823 0.24461206896551724 0.5011973180076629
0 0.25493893678160917 0.3301005747126437 0.3187859195402299 0.31633141762452105
0 0.14457614942528735 0.8682950191570882 0.26544540229885055 0.2600574712643678
0 0.9221443965517241 0.8208812260536399 0.15427442528735633 0.3529693486590038
0 0.7352729885057471 0.8080699233716475 0.23275862068965517 0.3785919540229885
0 0.7076149425287356 0.36673850574712646 0.22306034482758622 0.22150383141762453
0 0.3620689655172414 0.9553400383141762 0.1875 0.08596743295019157
0 0.37059985632183906 0.18726053639846743 0.18983477011494254 0.3706896551724138
0 0.03556034482758621 0.9503113026819924 0.06824712643678162 0.09794061302681992
0 0.03924209770114943 0.15613026819923373 0.07561063218390805 0.3103448275862069
0 0.03627873563218391 0.6306273946360154 0.06824712643678162 0.34794061302681994
0 0.07264727011494253 0.027658045977011495 0.14529454022988506 0.05531609195402299
0 0.01661278735632184 0.8514128352490421 0.028915229885057472 0.11566091954022989
