0 0.14933548850574713 0.4608477011494253 0.2961566091954023 0.17744252873563218
1 0.21866020114942528 0.3759578544061303 0.2192887931034483 0.4779693486590038
0 0.09608477011494253 0.1512212643678161 0.1896551724137931 0.29909003831417624
0 0.34662356321839083 0.09530651340996169 0.2130028735632184 0.18726053639846743
0 0.7719109195402298 0.2209051724137931 0.20905172413793102 0.39487547892720304
0 0.8364762931034483 0.08824233716475095 0.3270474137931034 0.17456896551724138
0 0.8796695402298851 0.5439415708812261 0.2406609195402299 0.4260057471264368
0 0.9463900862068966 0.6922892720306514 0.10578304597701149 0.3275862068965517
0 0.3913433908045977 0.6884578544061303 0.27227011494252873 0.3117816091954023
0 0.5737248563218391 0.5856082375478927 0.12410201149425287 0.3728448275862069
0 0.08827227011494253 0.563338122605364 0.17510775862068967 0.23587164750957854
0 0.033045977011494254 0.8712883141762452 0.06357758620689655 0.1511015325670498
