0 0.40014367816091956 0.5098180076628352 0.27262931034482757 0.48515325670498083
0 0.3037895114942529 0.7279693486590039 0.26275143678160917 0.3682950191570881
0 0.5394216954022989 0.8603927203065134 0.34967672413793105 0.27586206896551724
0 0.8153735632183908 0.1707375478927203 0.3681752873563218 0.3381226053639847
0 0.01867816091954023 0.49676724137931033 0.03484195402298851 0.07351532567049808
0 0.2208153735632184 0.06046455938697318 0.09536637931034483 0.12092911877394635
0 0.9605783045977011 0.8393199233716475 0.07632902298850575 0.3194444444444444
0 0.10991379310344827 0.21695402298850575 0.21982758620689655 0.4324712643678161
0 0.1108117816091954 0.19755747126436782 0.21695402298850575 0.3888888888888889
0 0.12059985632183907 0.11613984674329501 0.1747485632183908 0.23084291187739464
