0 0.045079022988505746 0.976772030651341 0.08081896551724138 0.044061302681992334
0 0.3584770114942529 0.88852969348659 0.2683189655172414 0.22054597701149425
0 0.17097701149425287 0.5735153256704981 0.3401580459770115 0.367816091954023
1 0.38047772988505746 0.3242337164750958 0.41361350574712646 0.36637931034482757
0 0.7982219827586207 0.8211206896551724 0.18839798850574713 0.3529693486590038
0 0.931573275862069 0.8358477011494253 0.13326149425287356 0.32351532567049807
1 0.5147270114942529 0.5275383141762452 0.27945402298850575 0.5919540229885057
0 0.20132902298850575 0.17277298850574713 0.4026580459770115 0.34315134099616856
0 0.6512212643678161 0.7401819923371648 0.4109195402298851 0.4118773946360153
0 0.765625 0.3958333333333333 0.4651580459770115 0.421455938697318
0 0.6514008620689655 0.8959530651340997 0.18498563218390804 0.20474137931034483
