1 0.6058728448275862 0.2725095785440613 0.3468031609195402 0.4899425287356322
0 0.9635416666666666 0.16415229885057472 0.0668103448275862 0.18079501915708812
0 0.1399066091954023 0.572198275862069 0.2273706896551724 0.5328065134099617
0 0.4577945402298851 0.3518917624521073 0.18426724137931033 0.530411877394636
0 0.570941091954023 0.959051724137931 0.0894396551724138 0.08045977011494253
0 0.36835488505747127 0.641882183908046 0.3290229885057471 0.29765325670498083
1 0.32112068965517243 0.6265565134099617 0.19216954022988506 0.540948275862069
0 0.8023527298850575 0.2647270114942529 0.3697916666666667 0.5198754789272031
0 0.1001257183908046 0.20593869731800765 0.19773706896551724 0.30986590038314177
0 0.08979885057471264 0.051125478927203066 0.14295977011494254 0.10368773946360153
0 0.9322018678160919 0.13829022988505746 0.13308189655172414 0.2765804597701149
0 0.2855603448275862 0.2092911877394636 0.2647270114942529 0.4200191570881226
0 0.8050466954022989 0.7076149425287356 0.24515086206896552 0.5833333333333334
0 0.9285201149425287 0.5957854406130269 0.14188218390804597 0.30411877394636017
0 0.015176005747126436 0.9517480842911877 0.030352011494252873 0.09315134099616858
0 0.45563936781609193 0.04370210727969349 0.09123563218390805 0.08596743295019157
0 0.7959770114942529 0.98647030651341 0.05567528735632184 0.02514367816091954
0 0.9595905172413793 0.9762931034482759 0.08081896551724138 0.04789272030651341
