0 0.14879669540229884 0.5245450191570882 0.2975933908045977 0.47629310344827586
0 0.16136853448275862 0.44588122605363983 0.320941091954023 0.4353448275862069
0 0.14466594827586207 0.7540708812260536 0.28933189655172414 0.3845785440613027
1 0.2223419540229885 0.8911637931034483 0.4224137931034483 0.21192528735632185
0 0.6841774425287356 0.6933668582375478 0.15535201149425287 0.4810823754789272
0 0.6167385057471264 0.9487547892720306 0.24568965517241378 0.09674329501915709
0 0.7930136494252874 0.7125239463601533 0.2670617816091954 0.5692049808429118
0 0.20141882183908047 0.08249521072796935 0.2911278735632184 0.1649904214559387
0 0.8036997126436781 0.3045977011494253 0.38685344827586204 0.532088122605364
0 0.9557291666666666 0.41367337164750956 0.08279454022988506 0.3757183908045977
0 0.9260057471264368 0.05148467432950191 0.14224137931034483 0.10296934865900383
0 0.7237787356321839 0.019276819923371647 0.14331896551724138 0.038553639846743294
