0 0.19270833333333334 0.26772030651340994 0.21120689655172414 0.5354406130268199
1 0.5525323275862069 0.4258860153256705 0.30908764367816094 0.19995210727969348
0 0.5067349137931034 0.31860632183908044 0.2803520114942529 0.2325191570881226
0 0.09886853448275862 0.6828304597701149 0.19594109195402298 0.32590996168582376
0 0.21111709770114942 0.9104406130268199 0.22467672413793102 0.1772030651340996
0 0.5103268678160919 0.7247365900383141 0.19773706896551724 0.17983716475095785
0 0.42142600574712646 0.927801724137931 0.1869612068965517 0.1400862068965517
0 0.39089439655172414 0.7965756704980843 0.33423132183908044 0.2708333333333333
0 0.35802801724137934 0.5373563218390804 0.19486350574712644 0.28639846743295017
1 0.37832255747126436 0.5756704980842912 0.3270474137931034 0.1977969348659004
0 0.4937140804597701 0.08920019157088123 0.16989942528735633 0.17840038314176246
0 0.8607219827586207 0.17492816091954022 0.2713721264367816 0.34985632183908044
0 0.6531968390804598 0.1869013409961686 0.21551724137931033 0.3738026819923372
0 0.032327586206896554 0.5114942528735632 0.06285919540229885 0.1053639846743295
