0 0.4202586206896552 0.5599856321839081 0.13290229885057472 0.3958333333333333
0 0.29813218390804597 0.6382902298850575 0.1221264367816092 0.33740421455938696
0 0.16657686781609196 0.8631465517241379 0.18372844827586207 0.2703544061302682
0 0.19917385057471265 0.8800287356321839 0.3545258620689655 0.2064176245210728
0 0.41846264367816094 0.43235153256704983 0.17780172413793102 0.24018199233716475
0 0.28511135057471265 0.5982998084291188 0.20168821839080459 0.3287835249042146
0 0.5322377873563219 0.6118295019157088 0.2548491379310345 0.28448275862068967
0 0.5812679597701149 0.7939415708812261 0.2530531609195402 0.2789750957854406
0 0.7358117816091954 0.717073754789272 0.20869252873563218 0.3886494252873563
0 0.14583333333333334 0.5005986590038314 0.1788793103448276 0.16834291187739464
0 0.05774066091954023 0.4600095785440613 0.11440373563218391 0.1518199233716475
0 0.21399066091954022 0.40924329501915707 0.25017959770114945 0.2418582375478927
0 0.1526580459770115 0.2128831417624521 0.16666666666666666 0.3793103448275862
0 0.041487068965517244 0.06477490421455939 0.08189655172413793 0.12811302681992337
0 0.22638290229885058 0.10117337164750957 0.12446120689655173 0.20234674329501914
0 0.5485811781609196 0.38840996168582376 0.12984913793103448 0.28065134099616856
0 0.4496228448275862 0.19947318007662834 0.17367097701149425 0.2868773946360153
0 0.3885596264367816 0.02681992337164751 0.09428879310344827 0.05363984674329502
0 0.49820402298850575 0.03843390804597701 0.07758620689655173 0.07351532567049808
0 0.6206896551724138 0.10476532567049808 0.17780172413793102 0.20953065134099616
0 0.797503591954023 0.1643917624521073 0.40247844827586204 0.21671455938697318
0 0.49173850574712646 0.9531848659003831 0.1903735632183908 0.08836206896551724
0 0.6937859195402298 0.9717432950191571 0.08477011494252873 0.05603448275862069
0 0.3458153735632184 0.9655172413793104 0.1499640804597701 0.06561302681992337
0 0.09599497126436782 0.8266283524904214 0.1909123563218391 0.23706896551724138
0 0.43983477011494254 0.8536877394636015 0.22880747126436782 0.1896551724137931
0 0.7984015804597702 0.33034003831417624 0.34141522988505746 0.4331896551724138
0 0.8921515804597702 0.7674808429118773 0.21102729885057472 0.38409961685823757
0 0.8559626436781609 0.4564176245210728 0.2880747126436782 0.2868773946360153
0 0.3452765804597701 0.14655172413793102 0.24586925287356323 0.2916666666666667
0 0.29606681034482757 0.08022030651340996 0.09177442528735633 0.15900383141762453
0 0.7913972701149425 0.9875478927203065 0.07704741379310345 0.022988505747126436
0 0.844378591954023 0.07471264367816093 0.3076508620689655 0.14942528735632185
0 0.9371408045977011 0.27274904214559387 0.12320402298850575 0.2260536398467433
0 0.5788433908045977 0.9176245210727969 0.09913793103448276 0.15660919540229884
0 0.07588002873563218 0.2920258620689655 0.15068247126436782 0.2775383141762452
