0 0.8891882183908046 0.31070402298850575 0.2180316091954023 0.5792624521072797
0 0.7227909482758621 0.2673611111111111 0.3385416666666667 0.3335727969348659
0 0.6683728448275862 0.5741139846743295 0.3302801724137931 0.44851532567049807
0 0.4445941091954023 0.46324233716475094 0.3478807471264368 0.4154693486590038
0 0.4395653735632184 0.5067049808429118 0.1945043103448276 0.40325670498084293
0 0.34509698275862066 0.7776580459770115 0.28107040229885055 0.40205938697318006
0 0.20141882183908047 0.8433908045977011 0.4010416666666667 0.3103448275862069
0 0.07255747126436782 0.5915948275862069 0.14331896551724138 0.280411877394636
0 0.19163074712643677 0.3577586206896552 0.2252155172413793 0.5718390804597702
0 0.15723778735632185 0.14451628352490423 0.31267959770114945 0.28903256704980845
0 0.5033225574712644 0.15936302681992337 0.2548491379310345 0.32112068965517243
