0 0.9642600574712644 0.9458812260536399 0.06968390804597702 0.10632183908045977
1 0.6142241379310345 0.8269875478927203 0.3649425287356322 0.25742337164750956
0 0.2743354885057471 0.8418342911877394 0.1754669540229885 0.31441570881226055
0 0.4146012931034483 0.8975095785440613 0.16073994252873564 0.20306513409961685
0 0.43354885057471265 0.6672653256704981 0.22844827586206898 0.19803639846743296
0 0.49254669540229884 0.3169300766283525 0.19773706896551724 0.3690134099616858
1 0.48186063218390807 0.2958572796934866 0.2636494252873563 0.25981800766283525
0 0.8955639367816092 0.24018199233716475 0.20707614942528735 0.3117816091954023
0 0.8863146551724138 0.366977969348659 0.22557471264367815 0.21910919540229884
0 0.7483836206896551 0.21851053639846743 0.34339080459770116 0.23635057471264367
0 0.6786997126436781 0.42397030651340994 0.16343390804597702 0.36757662835249044
0 0.6142241379310345 0.6240421455938697 0.2963362068965517 0.27729885057471265
0 0.5190373563218391 0.1068007662835249 0.13757183908045978 0.21120689655172414
0 0.06402658045977011 0.6701388888888888 0.12805316091954022 0.4274425287356322
0 0.08782327586206896 0.7200670498084292 0.17205459770114942 0.14942528735632185
0 0.09815014367816093 0.8752394636015326 0.19630028735632185 0.24664750957854406
0 0.6442169540229885 0.023706896551724137 0.15732758620689655 0.04645593869731801
0 0.42923850574712646 0.07495210727969348 0.058548850574712645 0.1489463601532567
