0 0.41172772988505746 0.4098419540229885 0.24838362068965517 0.48299808429118773
0 0.6280531609195402 0.30507662835249044 0.3444683908045977 0.24952107279693486
0 0.6274245689655172 0.7270114942528736 0.33135775862068967 0.4267241379310345
0 0.5614224137931034 0.6113505747126436 0.3390804597701149 0.3563218390804598
0 0.7807112068965517 0.7828065134099617 0.42205459770114945 0.3486590038314176
0 0.7460488505747126 0.930316091954023 0.4511494252873563 0.13745210727969348
0 0.07588002873563218 0.09159482758620689 0.15068247126436782 0.1817528735632184
0 0.12679597701149425 0.29322318007662834 0.25251436781609193 0.33836206896551724
0 0.8880208333333334 0.2556273946360153 0.2192887931034483 0.39439655172413796
0 0.1399066091954023 0.5326867816091954 0.2762212643678161 0.2971743295019157
0 0.1606501436781609 0.8717672413793104 0.3213002873563218 0.25311302681992337
0 0.8915229885057471 0.7164750957854407 0.2122844827586207 0.28544061302681994
0 0.9131645114942529 0.08728448275862069 0.17007902298850575 0.17456896551724138
0 0.014547413793103448 0.18845785440613028 0.02658045977011494 0.10201149425287356
