0 0.6999820402298851 0.0421455938697318 0.16648706896551724 0.08189655172413793
0 0.17537715517241378 0.13397988505747127 0.35075431034482757 0.2703544061302682
1 0.5915948275862069 0.7249760536398467 0.22880747126436782 0.5471743295019157
0 0.8776939655172413 0.21264367816091953 0.24281609195402298 0.4228927203065134
0 0.850305316091954 0.5835727969348659 0.2957974137931034 0.6436781609195402
0 0.3819145114942529 0.7634099616858238 0.2706537356321839 0.33381226053639845
0 0.16145833333333334 0.7088122605363985 0.2948994252873563 0.2940613026819923
0 0.3222880747126437 0.9457614942528736 0.2465876436781609 0.10560344827586207
0 0.07767600574712644 0.9470785440613027 0.1050646551724138 0.10296934865900383
0 0.11206896551724138 0.9227729885057471 0.22054597701149425 0.14870689655172414
