0 0.5883620689655172 0.7125239463601533 0.3135775862068966 0.37092911877394635
0 0.4906609195402299 0.8254310344827587 0.2762212643678161 0.34099616858237547
0 0.7400323275862069 0.9432471264367817 0.22970545977011494 0.10775862068965517
0 0.899066091954023 0.8843390804597702 0.18318965517241378 0.22557471264367815
0 0.9479166666666666 0.820522030651341 0.10057471264367816 0.3560823754789272
0 0.8389906609195402 0.38014846743295017 0.31627155172413796 0.32112068965517243
0 0.9767420977011494 0.09985632183908046 0.0447198275862069 0.19731800766283525
0 0.7669719827586207 0.2021072796934866 0.304058908045977 0.3994252873563218
0 0.41442169540229884 0.37080938697318006 0.42151580459770116 0.3077107279693487
0 0.5925826149425287 0.13218390804597702 0.41864224137931033 0.2543103448275862
0 0.23904454022988506 0.10979406130268199 0.4744971264367816 0.21719348659003831
