0 0.6663074712643678 0.42696360153256707 0.2959770114942529 0.4013409961685824
0 0.27173132183908044 0.46264367816091956 0.3563218390804598 0.4885057471264368
0 0.07650862068965517 0.2624521072796935 0.1512212643678161 0.31992337164750956
0 0.08396192528735633 0.7385057471264368 0.16469109195402298 0.1728927203065134
0 0.40301724137931033 0.8535680076628352 0.35955459770114945 0.29094827586206895
0 0.5698635057471264 0.9141522988505747 0.23994252873563218 0.1649904214559387
0 0.7843031609195402 0.8801484674329502 0.20905172413793102 0.23060344827586207
0 0.7015086206896551 0.8071120689655172 0.18714080459770116 0.18271072796934865
0 0.4489942528735632 0.5820162835249042 0.24748563218390804 0.2741858237547893
0 0.9406429597701149 0.5613026819923371 0.1136853448275862 0.3089080459770115
0 0.8548850574712644 0.10093390804597702 0.288433908045977 0.20186781609195403
1 0.6341594827586207 0.33393199233716475 0.42887931034482757 0.35799808429118773
0 0.9005028735632183 0.31214080459770116 0.19719827586206898 0.2406609195402299
0 0.633441091954023 0.7078544061302682 0.15804597701149425 0.27873563218390807
0 0.8465337643678161 0.4481561302681992 0.30010775862068967 0.5352011494252874
0 0.8795797413793104 0.8305795019157088 0.23581178160919541 0.305316091954023
