0 0.14304956896551724 0.5435823754789272 0.28466235632183906 0.6752873563218391
0 0.6282327586206896 0.899904214559387 0.38829022988505746 0.19827586206896552
0 0.6960308908045977 0.8502155172413793 0.4682112068965517 0.29238505747126436
0 0.9118175287356322 0.9015804597701149 0.17385057471264367 0.19157088122605365
0 0.9649784482758621 0.4499521072796935 0.06860632183908046 0.09674329501915709
0 0.8730244252873564 0.31513409961685823 0.2514367816091954 0.45881226053639845
0 0.8389906609195402 0.6166187739463601 0.31950431034482757 0.3074712643678161
0 0.7332076149425287 0.101772030651341 0.26526580459770116 0.19827586206896552
0 0.6215876436781609 0.23575191570881227 0.3900862068965517 0.44612068965517243
0 0.6051544540229885 0.49485153256704983 0.2756824712643678 0.4537835249042146
0 0.9221443965517241 0.06309865900383142 0.1557112068965517 0.12092911877394635
