0 0.4367816091954023 0.4680316091954023 0.21192528735632185 0.33165708812260536
0 0.44414511494252873 0.3958333333333333 0.22665229885057472 0.27155172413793105
0 0.3168103448275862 0.6993534482758621 0.26903735632183906 0.24018199233716475
0 0.7690373563218391 0.8680555555555556 0.2158764367816092 0.2600574712643678
0 0.7596084770114943 0.45330459770114945 0.1769037356321839 0.4295977011494253
0 0.5765984195402298 0.8119013409961686 0.19163074712643677 0.3757183908045977
0 0.6368534482758621 0.41151819923371646 0.16666666666666666 0.391044061302682
0 0.5948275862068966 0.4621647509578544 0.12176724137931035 0.30938697318007663
0 0.8870330459770115 0.4595306513409962 0.15589080459770116 0.30938697318007663
0 0.9041846264367817 0.36853448275862066 0.19019396551724138 0.3874521072796935
0 0.9034662356321839 0.14703065134099616 0.19163074712643677 0.24042145593869732
0 0.3019935344827586 0.5787835249042146 0.18013649425287356 0.17863984674329503
0 0.30495689655172414 0.8684147509578544 0.34375 0.23204022988505746
0 0.5580998563218391 0.9643199233716475 0.06591235632183907 0.07088122605363985
0 0.7588900862068966 0.07315613026819924 0.1377514367816092 0.14439655172413793
0 0.7081537356321839 0.2092911877394636 0.16415229885057472 0.24664750957854406
0 0.9361530172413793 0.7272509578544061 0.12374281609195402 0.3496168582375479
0 0.5746228448275862 0.16367337164750959 0.2117456896551724 0.32734674329501917
0 0.49093031609195403 0.15648946360153257 0.19486350574712644 0.3077107279693487
0 0.2743354885057471 0.4178639846743295 0.20168821839080459 0.17385057471264367
0 0.4764727011494253 0.7191091954022989 0.1875 0.2025862068965517
0 0.11970186781609195 0.47844827586206895 0.23545258620689655 0.21791187739463602
0 0.2854705459770115 0.18654214559386972 0.28717672413793105 0.23659003831417624
0 0.05316091954022988 0.3022030651340996 0.10632183908045977 0.12739463601532566
0 0.20474137931034483 0.06812739463601533 0.3193247126436782 0.13625478927203066
0 0.34330100574712646 0.034003831417624523 0.11763649425287356 0.06465517241379311
0 0.024604885057471264 0.19731800766283525 0.04777298850574713 0.0842911877394636
0 0.16810344827586207 0.9755747126436781 0.06716954022988506 0.04645593869731801
0 0.42843031609195403 0.9334291187739464 0.09141522988505747 0.1307471264367816
0 0.9246587643678161 0.035440613026819924 0.1492456896551724 0.07088122605363985
0 0.10892600574712644 0.3806273946360153 0.15858477011494254 0.14966475095785442
0 0.018139367816091954 0.6227250957854407 0.03484195402298851 0.04909003831417624
0 0.07291666666666667 0.6003352490421456 0.07471264367816093 0.06369731800766283
0 0.25592672413793105 0.37535919540229884 0.2521551724137931 0.3613505747126437
0 0.11027298850574713 0.15241858237547892 0.22054597701149425 0.30148467432950193
0 0.10497485632183907 0.9011015325670498 0.20851293103448276 0.1882183908045977
