0 0.11548132183908046 0.06824712643678162 0.2273706896551724 0.13409961685823754
0 0.15589080459770116 0.19588122605363983 0.30998563218390807 0.26484674329501917
0 0.24883261494252873 0.3611111111111111 0.31986350574712646 0.28639846743295017
0 0.0731860632183908 0.5672892720306514 0.1427801724137931 0.31273946360153254
0 0.10695043103448276 0.9122365900383141 0.21030890804597702 0.1736111111111111
0 0.07857399425287356 0.844588122605364 0.09788074712643678 0.07183908045977011
0 0.4905711206896552 0.7959770114942529 0.2641882183908046 0.2744252873563218
0 0.2977729885057471 0.6954022988505747 0.31896551724137934 0.28400383141762453
0 0.5453484195402298 0.5828544061302682 0.2803520114942529 0.3414750957854406
0 0.6774425287356322 0.5659722222222222 0.18498563218390804 0.18558429118773948
0 0.5673491379310345 0.31202107279693486 0.25969827586206895 0.23371647509578544
0 0.5835129310344828 0.37559865900383144 0.35488505747126436 0.22150383141762453
0 0.8090876436781609 0.2778975095785441 0.3800287356321839 0.2492816091954023
0 0.8014547413793104 0.11506226053639847 0.39349856321839083 0.23012452107279693
0 0.4878771551724138 0.13781130268199235 0.19055316091954022 0.2708333333333333
0 0.9708153735632183 0.20246647509578544 0.056573275862068964 0.1271551724137931
