0 0.20644755747126436 0.7703544061302682 0.4114583333333333 0.3764367816091954
0 0.09581537356321838 0.2448515325670498 0.18911637931034483 0.3101053639846743
0 0.21237428160919541 0.36973180076628354 0.2067169540229885 0.5545977011494253
0 0.21264367816091953 0.3436302681992337 0.35344827586206895 0.5258620689655172
0 0.48931393678160917 0.47509578544061304 0.3421336206896552 0.3773946360153257
0 0.29867097701149425 0.0726772030651341 0.39439655172413796 0.1453544061302682
0 0.6042564655172413 0.051364942528735635 0.2670617816091954 0.09746168582375479
0 0.5369073275862069 0.23443486590038315 0.4172054597701149 0.26197318007662834
0 0.7539511494252874 0.3931992337164751 0.4680316091954023 0.2705938697318008
0 0.8172593390804598 0.6633141762452107 0.3629669540229885 0.3299808429118774
0 0.06025502873563218 0.04034961685823755 0.11907327586206896 0.07543103448275862
