0 0.45545977011494254 0.7370689655172413 0.5075431034482759 0.3424329501915709
1 0.3915229885057471 0.43450670498084293 0.6095545977011494 0.35943486590038315
1 0.19576149425287356 0.08129789272030652 0.3635057471264368 0.15636973180076627
0 0.4970366379310345 0.0828544061302682 0.3234554597701149 0.16235632183908047
0 0.2350933908045977 0.2789750957854406 0.4676724137931034 0.3453065134099617
0 0.7040229885057471 0.2798132183908046 0.5872844827586207 0.36278735632183906
0 0.2309626436781609 0.8487787356321839 0.2180316091954023 0.2971743295019157
0 0.7163254310344828 0.7417385057471264 0.30010775862068967 0.5079022988505747
0 0.929058908045977 0.8981082375478927 0.13469827586206898 0.1985153256704981
0 0.8252514367816092 0.09458812260536398 0.3423132183908046 0.18582375478927204
