0 0.5616918103448276 0.24736590038314177 0.2379669540229885 0.49137931034482757
0 0.09850933908045977 0.07734674329501916 0.19701867816091953 0.15229885057471265
0 0.9225933908045977 0.4873084291187739 0.1526580459770115 0.16044061302681992
0 0.14547413793103448 0.803639846743295 0.1997126436781609 0.3912835249042146
0 0.6841774425287356 0.774066091954023 0.39924568965517243 0.4025383141762452
0 0.8963721264367817 0.8211206896551724 0.20725574712643677 0.32662835249042144
0 0.743444683908046 0.8915229885057471 0.20743534482758622 0.21503831417624522
0 0.052173132183908046 0.7853208812260536 0.10434626436781609 0.4274425287356322
0 0.33405172413793105 0.6861829501915708 0.25251436781609193 0.6271551724137931
0 0.5770474137931034 0.9677921455938697 0.15732758620689655 0.0625
