0 0.7658045977011494 0.6308668582375478 0.46623563218390807 0.31058429118773945
0 0.1895653735632184 0.8801484674329502 0.36188936781609193 0.23635057471264367
0 0.5713900862068966 0.7999281609195402 0.3586566091954023 0.3939176245210728
0 0.2223419540229885 0.6107519157088123 0.444683908045977 0.23635057471264367
0 0.5816271551724138 0.09590517241379311 0.17726293103448276 0.18606321839080459
0 0.7701149425287356 0.1396072796934866 0.2600574712643678 0.2792145593869732
0 0.9016702586206896 0.09530651340996169 0.19234913793103448 0.18007662835249041
1 0.2889727011494253 0.1439176245210728 0.45761494252873564 0.2849616858237548
0 0.045079022988505746 0.3251915708812261 0.0923132183908046 0.15469348659003831
1 0.31896551724137934 0.3387212643678161 0.4382183908045977 0.35368773946360155
0 0.14286997126436782 0.030052681992337165 0.08530890804597702 0.05866858237547893
0 0.027927442528735632 0.04226532567049809 0.05334051724137931 0.07974137931034483
0 0.3974497126436782 0.028017241379310345 0.19145114942528735 0.05459770114942529
