0 0.9020294540229885 0.23694923371647508 0.1945043103448276 0.3192049808429119
0 0.8958333333333334 0.36051245210727967 0.20689655172413793 0.20043103448275862
0 0.7552083333333334 0.22617337164750959 0.3563218390804598 0.2353927203065134
0 0.6932471264367817 0.4384578544061303 0.18283045977011494 0.3563218390804598
0 0.5050287356321839 0.3480603448275862 0.20617816091954022 0.34698275862068967
1 0.4894935344827586 0.3248323754789272 0.2541307471264368 0.26317049808429116
0 0.5170617816091954 0.1221264367816092 0.1372126436781609 0.24329501915708812
0 0.6455639367816092 0.03723659003831418 0.17869971264367815 0.07303639846743296
0 0.4265445402298851 0.08979885057471264 0.07435344827586207 0.17959770114942528
0 0.6409841954022989 0.6429597701149425 0.31214080459770116 0.2696360153256705
0 0.4636314655172414 0.704382183908046 0.22539511494252873 0.20665708812260536
0 0.3109734195402299 0.8639846743295019 0.17582614942528735 0.2696360153256705
0 0.46057830459770116 0.9207375478927203 0.15104166666666666 0.15613026819923373
1 0.6537356321839081 0.8551245210727969 0.38110632183908044 0.2725095785440613
0 0.07785560344827586 0.7628113026819924 0.15714798850574713 0.47198275862068967
0 0.10228089080459771 0.8029214559386973 0.20456178160919541 0.19731800766283525
0 0.15382543103448276 0.907926245210728 0.1463721264367816 0.1817528735632184
