0 0.5705818965517241 0.8341714559386973 0.24245689655172414 0.3311781609195402
0 0.8301005747126436 0.5602250957854407 0.29705459770114945 0.34554597701149425
0 0.9535739942528736 0.41977969348659006 0.09105603448275862 0.2921455938697318
0 0.9030172413793104 0.6703783524904214 0.19216954022988506 0.19181034482758622
0 0.938757183908046 0.5577107279693486 0.1206896551724138 0.15229885057471265
0 0.8185165229885057 0.8477011494252874 0.36117097701149425 0.2796934865900383
0 0.9053520114942529 0.9730603448275862 0.18570402298850575 0.05196360153256705
0 0.8115122126436781 0.13864942528735633 0.37517959770114945 0.2796934865900383
1 0.5051185344827587 0.1505028735632184 0.35111350574712646 0.2464080459770115
1 0.49613864942528735 0.2449712643678161 0.2052801724137931 0.46551724137931033
1 0.3203125 0.5694444444444444 0.23401580459770116 0.3764367816091954
0 0.14664152298850575 0.7978927203065134 0.23581178160919541 0.40229885057471265
0 0.6244612068965517 0.8978687739463601 0.20797413793103448 0.20090996168582376
