0 0.40229885057471265 0.8800287356321839 0.5423850574712644 0.23706896551724138
0 0.3474317528735632 0.6083572796934866 0.4901221264367816 0.40301724137931033
0 0.5664511494252874 0.51772030651341 0.23814655172413793 0.4353448275862069
0 0.8009159482758621 0.5129310344827587 0.25664511494252873 0.3635057471264368
0 0.7809806034482759 0.7689176245210728 0.34141522988505746 0.4564176245210728
0 0.9330998563218391 0.7120450191570882 0.13020833333333334 0.5730363984674329
0 0.9488146551724138 0.2741858237547893 0.09303160919540229 0.35727969348659006
0 0.8846084770114943 0.1314655172413793 0.2250359195402299 0.2629310344827586
0 0.6041666666666666 0.26784003831417624 0.37679597701149425 0.5308908045977011
0 0.0660021551724138 0.17552681992337166 0.13020833333333334 0.3510536398467433
