0 0.25457974137931033 0.15217911877394635 0.28358477011494254 0.3024425287356322
0 0.2961566091954023 0.36877394636015326 0.2859195402298851 0.1781609195402299
0 0.7136314655172413 0.20378352490421456 0.3636853448275862 0.29310344827586204
0 0.49622844827586204 0.05507662835249042 0.17061781609195403 0.1068007662835249
0 0.6386494252873564 0.06645114942528736 0.28304597701149425 0.13098659003831417
0 0.8084590517241379 0.492816091954023 0.2821479885057471 0.382183908045977
0 0.38245330459770116 0.7586206896551724 0.31627155172413796 0.36973180076628354
0 0.17331178160919541 0.5276580459770115 0.34410919540229884 0.21336206896551724
1 0.2180316091954023 0.6095545977011494 0.3818247126436782 0.2157567049808429
0 0.1058728448275862 0.7750239463601533 0.20779454022988506 0.2511973180076628
0 0.10901580459770115 0.10835727969348659 0.2165948275862069 0.21336206896551724
0 0.05836925287356322 0.25 0.11530172413793104 0.16379310344827586
