0 0.7983117816091954 0.3078304597701149 0.40337643678160917 0.21336206896551724
1 0.7661637931034483 0.40074233716475094 0.32794540229885055 0.36661877394636017
1 0.4869791666666667 0.6125478927203065 0.14206178160919541 0.4324712643678161
0 0.2974137931034483 0.7546695402298851 0.16702586206896552 0.45522030651340994
0 0.2371587643678161 0.14559386973180077 0.21030890804597702 0.28639846743295017
0 0.943426724137931 0.47976532567049807 0.10955459770114942 0.16403256704980843
0 0.6787895114942529 0.9577346743295019 0.28107040229885055 0.08261494252873564
0 0.03771551724137931 0.03891283524904215 0.07543103448275862 0.07543103448275862
0 0.8553340517241379 0.06525383141762452 0.28933189655172414 0.13050766283524903
0 0.9150502873563219 0.9140325670498084 0.16810344827586207 0.16522988505747127
