0 0.5440912356321839 0.21216475095785442 0.4240301724137931 0.27011494252873564
0 0.47772988505747127 0.6930076628352491 0.2137212643678161 0.5541187739463601
1 0.5593570402298851 0.6750478927203065 0.4172054597701149 0.3903256704980843
0 0.19342672413793102 0.6901340996168582 0.3850574712643678 0.37116858237547895
0 0.07740660919540229 0.6257183908045977 0.15301724137931033 0.21743295019157088
1 0.18794899425287356 0.4048132183908046 0.3758979885057471 0.280411877394636
0 0.24344468390804597 0.2534722222222222 0.23473419540229884 0.5069444444444444
0 0.07983117816091954 0.13793103448275862 0.15642959770114942 0.27586206896551724
0 0.3998742816091954 0.05328065134099617 0.12697557471264367 0.10656130268199233
0 0.7232399425287356 0.08632662835249043 0.37176724137931033 0.17265325670498086
0 0.5677083333333334 0.08812260536398467 0.06716954022988506 0.08189655172413793
0 0.26158405172413796 0.8639846743295019 0.3094468390804598 0.27011494252873564
0 0.5088002873563219 0.9699473180076629 0.21875 0.06058429118773946
0 0.14107399425287356 0.023347701149425287 0.13308189655172414 0.04669540229885057
