0 0.09195402298850575 0.9537835249042146 0.18139367816091953 0.09147509578544061
0 0.4286099137931034 0.8394396551724138 0.34752155172413796 0.27945402298850575
0 0.08656609195402298 0.6956417624521073 0.1724137931034483 0.4621647509578544
0 0.03331537356321839 0.43330938697318006 0.06591235632183907 0.19995210727969348
0 0.16424209770114942 0.43714080459770116 0.3266882183908046 0.3647030651340996
0 0.14753951149425287 0.6810344827586207 0.203125 0.4688697318007663
0 0.2755926724137931 0.8753591954022989 0.17726293103448276 0.2449712643678161
0 0.40176005747126436 0.5542385057471264 0.2101293103448276 0.3484195402298851
0 0.3036099137931034 0.15996168582375478 0.2081537356321839 0.3175287356321839
0 0.5886314655172413 0.23635057471264367 0.21461925287356323 0.4736590038314176
0 0.041666666666666664 0.12655651340996169 0.08153735632183907 0.25407088122605365
