0 0.48563218390804597 0.9006226053639846 0.2377873563218391 0.1968390804597701
0 0.7939116379310345 0.9248084291187739 0.4103807471264368 0.14846743295019157
0 0.8570402298850575 0.5211925287356322 0.28412356321839083 0.3168103448275862
0 0.8119612068965517 0.10955459770114942 0.1810344827586207 0.21910919540229884
0 0.9034662356321839 0.11578065134099617 0.19127155172413793 0.22916666666666666
0 0.6880387931034483 0.22713122605363983 0.30639367816091956 0.45426245210727967
1 0.5063757183908046 0.21898946360153257 0.29148706896551724 0.43702107279693486
0 0.30872844827586204 0.5149664750957854 0.1867816091954023 0.30962643678160917
0 0.05244252873563218 0.4209770114942529 0.10488505747126436 0.5100574712643678
1 0.18292025862068967 0.4789272030651341 0.21066810344827586 0.5584291187739464
0 0.16388290229885058 0.13122605363984674 0.3019037356321839 0.2600574712643678
0 0.0334051724137931 0.04645593869731801 0.0668103448275862 0.09291187739463602
0 0.6555316091954023 0.625838122605364 0.21156609195402298 0.5730363984674329
0 0.34922772988505746 0.25299329501915707 0.18839798850574713 0.5026340996168582
