1 0.49811422413793105 0.5972222222222222 0.41576867816091956 0.26676245210727967
0 0.8195941091954023 0.7838840996168582 0.3572198275862069 0.3101053639846743
0 0.9278915229885057 0.6077586206896551 0.14242097701149425 0.2332375478927203
0 0.9274425287356322 0.9555795019157088 0.14152298850574713 0.08309386973180076
0 0.3645833333333333 0.8310584291187739 0.22701149425287356 0.3350095785440613
0 0.12742456896551724 0.9307950191570882 0.25125718390804597 0.13266283524904215
0 0.07210847701149425 0.7131226053639846 0.14242097701149425 0.3994252873563218
0 0.08234554597701149 0.2828065134099617 0.16289511494252873 0.560823754789272
0 0.23814655172413793 0.10727969348659004 0.2065373563218391 0.21216475095785442
0 0.4395653735632184 0.10165229885057471 0.32273706896551724 0.20090996168582376
0 0.600933908045977 0.3583572796934866 0.38326149425287354 0.33979885057471265
0 0.7628412356321839 0.24676724137931033 0.47252155172413796 0.32734674329501917
0 0.7214439655172413 0.12583812260536398 0.399066091954023 0.2492816091954023
