0 0.2995689655172414 0.430316091954023 0.31070402298850575 0.2442528735632184
0 0.2978627873563218 0.47066570881226055 0.1880387931034483 0.4375
0 0.43004669540229884 0.7887931034482759 0.18229166666666666 0.23419540229885058
0 0.4348958333333333 0.8334530651340997 0.33638649425287354 0.2550287356321839
0 0.5886314655172413 0.8981082375478927 0.23293821839080459 0.19659961685823754
0 0.5364583333333334 0.6527777777777778 0.13326149425287356 0.34913793103448276
0 0.3558728448275862 0.05076628352490421 0.11009339080459771 0.09722222222222222
0 0.48877514367816094 0.4309147509578544 0.1937859195402299 0.3225574712643678
0 0.6968390804597702 0.4479166666666667 0.17564655172413793 0.45186781609195403
0 0.861260775862069 0.18941570881226052 0.27424568965517243 0.37452107279693486
0 0.16109913793103448 0.6030890804597702 0.28089080459770116 0.25838122605363983
0 0.07794540229885058 0.4098419540229885 0.1540948275862069 0.19659961685823754
0 0.0319683908045977 0.6960009578544061 0.062140804597701146 0.09506704980842912
0 0.10847701149425287 0.9046934865900383 0.2137212643678161 0.18342911877394635
0 0.012392241379310345 0.7937021072796935 0.021551724137931036 0.1003352490421456
