0 0.6540050287356322 0.8207614942528736 0.43983477011494254 0.29573754789272033
0 0.7211745689655172 0.44025383141762453 0.2577227011494253 0.5443007662835249
0 0.7447916666666666 0.45330459770114945 0.27837643678160917 0.5972222222222222
0 0.9253771551724138 0.3819444444444444 0.14673132183908047 0.24952107279693486
0 0.9344468390804598 0.6641522988505747 0.13110632183908047 0.37907088122605365
0 0.5837823275862069 0.3024425287356322 0.3069324712643678 0.27729885057471265
0 0.8323455459770115 0.12523946360153257 0.3327945402298851 0.24521072796934865
0 0.5642959770114943 0.07100095785440613 0.3609913793103448 0.1400862068965517
0 0.33306393678160917 0.03364463601532567 0.09644396551724138 0.06202107279693487
0 0.3068426724137931 0.20965038314176246 0.47000718390804597 0.3081896551724138
0 0.2677801724137931 0.3662595785440613 0.49137931034482757 0.49736590038314177
