0 0.7033045977011494 0.6821120689655172 0.30352011494252873 0.47772988505747127
0 0.5501077586206896 0.967073754789272 0.18857758620689655 0.06058429118773946
0 0.9276221264367817 0.8957136015325671 0.1411637931034483 0.19947318007662834
0 0.4744971264367816 0.24401340996168583 0.20438218390804597 0.48563218390804597
1 0.25906968390804597 0.4085249042145594 0.2803520114942529 0.6810344827586207
0 0.46426005747126436 0.7236590038314177 0.21910919540229884 0.5483716475095786
0 0.10488505747126436 0.8541666666666666 0.20797413793103448 0.28975095785440613
0 0.7747844827586207 0.18318965517241378 0.43354885057471265 0.26484674329501917
0 0.8230962643678161 0.04585727969348659 0.2273706896551724 0.09171455938697318
0 0.5818067528735632 0.24341475095785442 0.1747485632183908 0.48682950191570884
0 0.36278735632183906 0.5971024904214559 0.18031609195402298 0.5476532567049809
0 0.8144755747126436 0.8712883141762452 0.35201149425287354 0.2521551724137931
