0 0.8628771551724138 0.12272509578544061 0.26957614942528735 0.24545019157088122
0 0.8903556034482759 0.41259578544061304 0.2192887931034483 0.4564176245210728
0 0.9671336206896551 0.8308189655172413 0.06321839080459771 0.3330938697318008
0 0.04400143678160919 0.7400622605363985 0.08548850574712644 0.06728927203065134
0 0.15355603448275862 0.8753591954022989 0.30711206896551724 0.24401340996168583
0 0.570941091954023 0.822198275862069 0.34698275862068967 0.3503352490421456
0 0.6494252873563219 0.1555316091954023 0.24389367816091953 0.3077107279693487
0 0.8411458333333334 0.76352969348659 0.28250718390804597 0.4643199233716475
1 0.45959051724137934 0.26412835249042144 0.2765804597701149 0.5220306513409961
1 0.30711206896551724 0.7307231800766284 0.3915229885057471 0.5361590038314177
0 0.6705280172413793 0.4579741379310345 0.3141163793103448 0.7535919540229885
0 0.288433908045977 0.4063697318007663 0.48778735632183906 0.5627394636015326
0 0.8557830459770115 0.4189415708812261 0.28125 0.5064655172413793
