0 0.16882183908045978 0.18127394636015326 0.2413793103448276 0.3625478927203065
0 0.07740660919540229 0.3103448275862069 0.15229885057471265 0.35488505747126436
0 0.029274425287356323 0.09997605363984674 0.058548850574712645 0.19372605363984674
0 0.06330818965517242 0.9409722222222222 0.12194683908045977 0.10943486590038314
0 0.8212104885057471 0.05076628352490421 0.21210488505747127 0.09530651340996169
0 0.9295977011494253 0.22509578544061304 0.13829022988505746 0.4468390804597701
0 0.6206896551724138 0.15469348659003831 0.19576149425287356 0.3031609195402299
0 0.7414691091954023 0.0835727969348659 0.10901580459770115 0.15469348659003831
0 0.2209051724137931 0.5642959770114943 0.2309626436781609 0.3656609195402299
1 0.5375359195402298 0.21731321839080459 0.17708333333333334 0.43462643678160917
0 0.790319683908046 0.4128352490421456 0.2192887931034483 0.514367816091954
