0 0.05405890804597701 0.04394157088122606 0.10811781609195402 0.08596743295019157
0 0.0824353448275862 0.9230124521072797 0.16056034482758622 0.14870689655172414
0 0.9108297413793104 0.2290469348659004 0.17582614942528735 0.45186781609195403
0 0.8451867816091954 0.6664272030651341 0.3081896551724138 0.42049808429118773
0 0.40544181034482757 0.9057710727969349 0.19342672413793102 0.18127394636015326
0 0.6434087643678161 0.26568486590038315 0.28717672413793105 0.5251436781609196
1 0.8067528735632183 0.40301724137931033 0.382183908045977 0.3735632183908046
0 0.7219827586206896 0.9038553639846744 0.24964080459770116 0.19228927203065135
0 0.2309626436781609 0.5478927203065134 0.4339080459770115 0.6297892720306514
1 0.4167564655172414 0.3626676245210728 0.26598419540229884 0.7219827586206896
0 0.5932112068965517 0.6519396551724138 0.30495689655172414 0.6956417624521073
0 0.8244432471264368 0.7080938697318008 0.3446479885057471 0.578544061302682
0 0.2065373563218391 0.7850814176245211 0.2920258620689655 0.4250478927203065
0 0.9194504310344828 0.9619252873563219 0.1499640804597701 0.06417624521072797
