0 0.9435165229885057 0.22665229885057472 0.109375 0.45330459770114945
0 0.881555316091954 0.05411877394636015 0.1122485632183908 0.11063218390804598
0 0.30908764367816094 0.06058429118773946 0.4209770114942529 0.1235632183908046
0 0.46542744252873564 0.21982758620689655 0.26957614942528735 0.4396551724137931
0 0.6151221264367817 0.8091475095785441 0.20797413793103448 0.3797892720306513
0 0.5803699712643678 0.8481800766283525 0.4800646551724138 0.3017241379310345
0 0.5183189655172413 0.5062260536398467 0.24281609195402298 0.4794061302681992
0 0.8591954022988506 0.8481800766283525 0.2801724137931034 0.3017241379310345
0 0.2546695402298851 0.9028975095785441 0.20438218390804597 0.19228927203065135
0 0.19863505747126436 0.06082375478927203 0.09482758620689655 0.12021072796934866
