1 0.5785739942528736 0.41379310344827586 0.45348419540229884 0.2940613026819923
0 0.30181393678160917 0.7249760536398467 0.2322198275862069 0.5452586206896551
0 0.8441989942528736 0.7624521072796935 0.24910201149425287 0.460727969348659
0 0.8174389367816092 0.6136254789272031 0.36332614942528735 0.34410919540229884
0 0.9277119252873564 0.8535680076628352 0.1427801724137931 0.2904693486590038
0 0.7151580459770115 0.24281609195402298 0.367816091954023 0.40229885057471265
0 0.5473239942528736 0.29465996168582376 0.35183189655172414 0.27274904214559387
0 0.4594109195402299 0.06609195402298851 0.11170977011494253 0.12978927203065135
0 0.7058189655172413 0.0821360153256705 0.42420977011494254 0.16187739463601533
0 0.9299568965517241 0.029813218390804596 0.10272988505747127 0.05723180076628352
0 0.9852729885057471 0.164272030651341 0.027658045977011495 0.1096743295019157
