0 0.43417744252873564 0.2545498084291188 0.26023706896551724 0.32375478927203066
0 0.5504669540229885 0.1976772030651341 0.2593390804597701 0.344588122605364
0 0.4511494252873563 0.5053879310344828 0.2776580459770115 0.20665708812260536
0 0.4901221264367816 0.6655890804597702 0.3272270114942529 0.1956417624521073
0 0.8740122126436781 0.19384578544061304 0.25017959770114945 0.3876915708812261
0 0.8501257183908046 0.4373802681992337 0.2932830459770115 0.39774904214559387
0 0.028556034482758622 0.5292145593869731 0.057112068965517244 0.09051724137931035
0 0.05181393678160919 0.20881226053639848 0.10362787356321838 0.2696360153256705
0 0.0617816091954023 0.06956417624521073 0.12176724137931035 0.13050766283524903
0 0.07210847701149425 0.7545498084291188 0.14242097701149425 0.36015325670498083
0 0.8441989942528736 0.6958812260536399 0.30657327586206895 0.24521072796934865
0 0.9366918103448276 0.8783524904214559 0.12661637931034483 0.23754789272030652
