0 0.3727550287356322 0.15026340996168583 0.1711566091954023 0.2986111111111111
0 0.09635416666666667 0.39284003831417624 0.19019396551724138 0.3896072796934866
0 0.22108477011494254 0.6267959770114943 0.32363505747126436 0.19085249042145594
0 0.9004130747126436 0.4328304597701149 0.1966594827586207 0.5251436781609196
0 0.5755208333333334 0.20390325670498086 0.40750718390804597 0.2986111111111111
0 0.4678520114942529 0.6451149425287356 0.21156609195402298 0.3175287356321839
0 0.0703125 0.8298611111111112 0.140625 0.3263888888888889
0 0.7363505747126436 0.9123563218390804 0.20438218390804597 0.1685823754789272
1 0.553430316091954 0.7934626436781609 0.26813936781609193 0.4063697318007663
0 0.25592672413793105 0.8394396551724138 0.23311781609195403 0.29669540229885055
0 0.41531968390804597 0.5815373563218391 0.15104166666666666 0.4097222222222222
0 0.27478448275862066 0.24473180076628354 0.16918103448275862 0.3194444444444444
0 0.12374281609195402 0.8863745210727969 0.15876436781609196 0.2238984674329502
0 0.17447916666666666 0.10943486590038314 0.19522270114942528 0.21168582375478928
0 0.6263469827586207 0.09722222222222222 0.3177083333333333 0.1910919540229885
0 0.037805316091954026 0.6737308429118773 0.07561063218390805 0.1875
0 0.04822198275862069 0.11290708812260536 0.09895833333333333 0.2152777777777778
0 0.25395114942528735 0.9800047892720306 0.13290229885057472 0.039990421455938695
0 0.6432291666666666 0.44971264367816094 0.328125 0.21168582375478928
