0 0.1724137931034483 0.09614463601532568 0.2963362068965517 0.1903735632183908
0 0.19567169540229884 0.09841954022988506 0.15535201149425287 0.19348659003831417
0 0.23428520114942528 0.5209530651340997 0.11153017241379311 0.2085727969348659
0 0.3026221264367816 0.7429358237547893 0.12392241379310345 0.36374521072796934
0 0.44989224137931033 0.7156369731800766 0.2158764367816092 0.3484195402298851
0 0.8135775862068966 0.2908285440613027 0.37176724137931033 0.18654214559386972
0 0.516253591954023 0.3090277777777778 0.30585488505747127 0.22916666666666666
0 0.0986889367816092 0.3809865900383142 0.1973778735632184 0.2878352490421456
0 0.18938577586206898 0.29909003831417624 0.18193247126436782 0.32806513409961685
0 0.32363505747126436 0.2861590038314176 0.1221264367816092 0.27490421455938696
0 0.4211566091954023 0.21611590038314177 0.13469827586206898 0.23156130268199235
0 0.0561242816091954 0.15505268199233715 0.1108117816091954 0.2971743295019157
0 0.31294899425287354 0.4804837164750958 0.27388649425287354 0.1817528735632184
0 0.5704920977011494 0.16678639846743296 0.2649066091954023 0.33022030651340994
0 0.8354885057471264 0.7365900383141762 0.3218390804597701 0.2624521072796935
0 0.8724856321839081 0.9212164750957854 0.25251436781609193 0.1556513409961686
0 0.7492816091954023 0.953544061302682 0.24533045977011494 0.09099616858237548
0 0.8259698275862069 0.3066331417624521 0.3444683908045977 0.3225574712643678
0 0.8571300287356322 0.522389846743295 0.28107040229885055 0.20090996168582376
0 0.5788433908045977 0.4280411877394636 0.21875 0.19372605363984674
0 0.609375 0.6374521072796935 0.1505028735632184 0.2725095785440613
0 0.4854525862068966 0.6070402298850575 0.1257183908045977 0.30986590038314177
0 0.30495689655172414 0.6836685823754789 0.2672413793103448 0.2514367816091954
0 0.09455818965517242 0.7939415708812261 0.18911637931034483 0.16977969348659003
0 0.16505028735632185 0.8334530651340997 0.1512212643678161 0.08453065134099617
0 0.1526580459770115 0.9191810344827587 0.305316091954023 0.15636973180076627
0 0.5177801724137931 0.9255268199233716 0.1512212643678161 0.14559386973180077
0 0.5337643678160919 0.8330938697318008 0.3125 0.21024904214559387
0 0.36691810344827586 0.9428879310344828 0.1540948275862069 0.11087164750957855
0 0.9528556034482759 0.08177681992337164 0.09177442528735633 0.1621168582375479
0 0.04480962643678161 0.9685105363984674 0.08710488505747127 0.0625
0 0.8165409482758621 0.13481800766283525 0.18660201149425287 0.2662835249042146
0 0.7513469827586207 0.14260057471264367 0.24119971264367815 0.28520114942528735
0 0.04534841954022988 0.46551724137931033 0.08961925287356322 0.1010536398467433
0 0.9194504310344828 0.20833333333333334 0.047952586206896554 0.07183908045977011
