0 0.07489224137931035 0.7705938697318008 0.14583333333333334 0.23659003831417624
0 0.14367816091954022 0.8854166666666666 0.2568247126436782 0.16451149425287356
0 0.20797413793103448 0.9439655172413793 0.19360632183908047 0.10201149425287356
0 0.057112068965517244 0.9426484674329502 0.11422413793103449 0.11278735632183907
0 0.19010416666666666 0.3336925287356322 0.3802083333333333 0.20809386973180077
0 0.0525323275862069 0.1793582375478927 0.10290948275862069 0.1360153256704981
0 0.5845905172413793 0.036637931034482756 0.05818965517241379 0.06800766283524905
0 0.6590337643678161 0.031848659003831416 0.0824353448275862 0.05842911877394636
0 0.6258979885057471 0.2494013409961686 0.1469109195402299 0.43366858237547895
0 0.6717852011494253 0.22761015325670497 0.3036997126436782 0.2325191570881226
0 0.5 0.7272509578544061 0.24568965517241378 0.17672413793103448
0 0.43624281609195403 0.5763888888888888 0.17744252873563218 0.20114942528735633
0 0.5458872126436781 0.8753591954022989 0.14385775862068967 0.22294061302681992
0 0.8736530172413793 0.2181513409961686 0.2365301724137931 0.43342911877394635
0 0.9612966954022989 0.21875 0.07740660919540229 0.43223180076628354
0 0.5790229885057471 0.5184386973180076 0.15086206896551724 0.4444444444444444
0 0.7706537356321839 0.4954501915708812 0.2834051724137931 0.42528735632183906
0 0.2604166666666667 0.5823754789272031 0.2905890804597701 0.35727969348659006
0 0.4353448275862069 0.8079501915708812 0.15086206896551724 0.3764367816091954
0 0.29660560344827586 0.7856800766283525 0.17726293103448276 0.4185823754789272
0 0.15238864942528735 0.7862787356321839 0.11727729885057471 0.1046455938697318
0 0.37311422413793105 0.8006465517241379 0.02244971264367816 0.0625
0 0.35982399425287354 0.873323754789272 0.0163433908045977 0.05842911877394636
