0 0.24883261494252873 0.11877394636015326 0.35111350574712646 0.23515325670498086
0 0.8500359195402298 0.4932950191570881 0.29813218390804597 0.45689655172413796
0 0.8964619252873564 0.07363505747126436 0.2052801724137931 0.14966475095785442
0 0.953125 0.2952586206896552 0.09195402298850575 0.4272030651340996
0 0.7804418103448276 0.7619731800766284 0.25341235632183906 0.2710727969348659
0 0.5562140804597702 0.0421455938697318 0.21731321839080459 0.08668582375478927
0 0.49676724137931033 0.2426963601532567 0.2600574712643678 0.358955938697318
0 0.2687679597701149 0.04729406130268199 0.1690014367816092 0.09267241379310345
0 0.06348778735632184 0.031369731800766285 0.12697557471264367 0.06273946360153257
0 0.19656968390804597 0.36853448275862066 0.39313936781609193 0.34434865900383144
0 0.15041307471264367 0.2042624521072797 0.30082614942528735 0.30938697318007663
0 0.4452227011494253 0.6821120689655172 0.22198275862068967 0.5275383141762452
0 0.6907327586206896 0.21910919540229884 0.23958333333333334 0.4382183908045977
0 0.7716415229885057 0.54477969348659 0.2562859195402299 0.34674329501915707
0 0.9197198275862069 0.7861590038314177 0.15876436781609196 0.29693486590038315
0 0.5845007183908046 0.6145833333333334 0.2124640804597701 0.5261015325670498
0 0.6025502873563219 0.978448275862069 0.07758620689655173 0.041666666666666664
0 0.2124640804597701 0.6801963601532567 0.3290229885057471 0.4025383141762452
0 0.3927801724137931 0.8851772030651341 0.2122844827586207 0.226772030651341
0 0.13119612068965517 0.9556992337164751 0.11153017241379311 0.0842911877394636
0 0.2166846264367816 0.9788074712643678 0.06555316091954023 0.039511494252873564
