0 0.7585308908045977 0.057112068965517244 0.09608477011494253 0.11422413793103449
0 0.6459231321839081 0.13673371647509577 0.1945043103448276 0.2672413793103448
0 0.19046336206896552 0.16103927203065135 0.23329741379310345 0.3220785440613027
0 0.07911278735632184 0.9129549808429118 0.15822557471264367 0.16882183908045978
0 0.03816451149425287 0.08908045977011494 0.0738146551724138 0.1781609195402299
0 0.8722162356321839 0.019636015325670497 0.140625 0.029693486590038315
0 0.9507004310344828 0.20629789272030652 0.09608477011494253 0.41259578544061304
0 0.8177083333333334 0.3728448275862069 0.22629310344827586 0.5268199233716475
1 0.5604346264367817 0.20186781609195403 0.1711566091954023 0.3975095785440613
0 0.24039152298850575 0.5221503831417624 0.2250359195402299 0.3532088122605364
0 0.0873742816091954 0.2891522988505747 0.17223419540229884 0.4250478927203065
