0 0.938757183908046 0.7434147509578544 0.1206896551724138 0.41451149425287354
0 0.6253591954022989 0.8615900383141762 0.21264367816091953 0.27490421455938696
0 0.26607399425287354 0.797294061302682 0.18875718390804597 0.40349616858237547
0 0.4581537356321839 0.8369252873563219 0.1968390804597701 0.3146551724137931
1 0.43363864942528735 0.5731561302681992 0.4197198275862069 0.24018199233716475
0 0.828125 0.13409961685823754 0.34087643678160917 0.26484674329501917
0 0.41648706896551724 0.022868773946360152 0.09375 0.048132183908045974
0 0.6035380747126436 0.04202586206896552 0.24694683908045978 0.08165708812260536
0 0.5589978448275862 0.23215996168582376 0.4994612068965517 0.29094827586206895
0 0.1945043103448276 0.3057950191570881 0.3890086206896552 0.32662835249042144
0 0.6203304597701149 0.44504310344827586 0.399066091954023 0.22916666666666666
1 0.4027478448275862 0.8381226053639846 0.13344109195402298 0.3170498084291188
0 0.884698275862069 0.12523946360153257 0.22341954022988506 0.25047892720306514
