0 0.5757902298850575 0.798132183908046 0.4317528735632184 0.28160919540229884
0 0.7995689655172413 0.9476772030651341 0.33405172413793105 0.101772030651341
0 0.9005028735632183 0.5959051724137931 0.19540229885057472 0.30387931034482757
0 0.8335129310344828 0.4129549808429119 0.2101293103448276 0.6003352490421456
0 0.6487966954022989 0.4614463601532567 0.3338721264367816 0.4564176245210728
0 0.23814655172413793 0.26113505747126436 0.4744971264367816 0.4724616858237548
0 0.4562679597701149 0.21827107279693486 0.24263649425287356 0.4317528735632184
0 0.5431932471264368 0.11649904214559387 0.2735272988505747 0.2282088122605364
0 0.9828484195402298 0.2492816091954023 0.030711206896551723 0.09913793103448276
0 0.9084051724137931 0.11661877394636015 0.18139367816091953 0.23563218390804597
0 0.6939655172413793 0.19348659003831417 0.25287356321839083 0.37691570881226055
0 0.2739762931034483 0.5991379310344828 0.5479525862068966 0.31513409961685823
