0 0.06357758620689655 0.0210727969348659 0.1271551724137931 0.04454022988505747
0 0.5849497126436781 0.11877394636015326 0.20797413793103448 0.23515325670498086
1 0.34401939655172414 0.19001436781609196 0.29076867816091956 0.3378831417624521
0 0.3614403735632184 0.2928639846743295 0.1783405172413793 0.48659003831417624
0 0.28412356321839083 0.6853448275862069 0.32112068965517243 0.2835249042145594
0 0.16531968390804597 0.9130747126436781 0.31016522988505746 0.17193486590038315
0 0.6049748563218391 0.8022030651340997 0.17367097701149425 0.3888888888888889
0 0.9229525862068966 0.7632902298850575 0.15229885057471265 0.11997126436781609
0 0.8189655172413793 0.6238026819923371 0.3584770114942529 0.24521072796934865
0 0.9605783045977011 0.45557950191570884 0.07704741379310345 0.16834291187739464
0 0.8983477011494253 0.4272030651340996 0.20150862068965517 0.20833333333333334
0 0.7279992816091954 0.4301963601532567 0.16720545977011494 0.39487547892720304
0 0.8677262931034483 0.18318965517241378 0.26275143678160917 0.3218390804597701
0 0.9197198275862069 0.025383141762452106 0.1569683908045977 0.04837164750957854
0 0.8681752873563219 0.398227969348659 0.1540948275862069 0.22126436781609196
0 0.6839978448275862 0.8457854406130269 0.18732040229885058 0.30507662835249044
