0 0.1528376436781609 0.21384099616858238 0.3031609195402299 0.42432950191570884
0 0.4968570402298851 0.25035919540229884 0.21749281609195403 0.5007183908045977
0 0.5217313218390804 0.258022030651341 0.2683189655172414 0.5107758620689655
0 0.44136135057471265 0.6040469348659003 0.41900143678160917 0.2789750957854406
0 0.31950431034482757 0.11637931034482758 0.2521551724137931 0.2274904214559387
0 0.16603807471264367 0.053041187739463605 0.15319683908045978 0.10081417624521073
0 0.811871408045977 0.14786877394636017 0.37482040229885055 0.2904693486590038
0 0.7920258620689655 0.4424090038314176 0.2974137931034483 0.3738026819923372
0 0.9016702586206896 0.3759578544061303 0.19414511494252873 0.2274904214559387
0 0.9482758620689655 0.6649904214559387 0.10201149425287356 0.19923371647509577
