0 0.48266882183908044 0.28448275862068967 0.4046336206896552 0.2260536398467433
0 0.42843031609195403 0.21180555555555555 0.1776221264367816 0.42169540229885055
0 0.7366199712643678 0.2673611111111111 0.3177083333333333 0.2919061302681992
0 0.962194683908046 0.4755747126436782 0.07309626436781609 0.1446360153256705
0 0.8446479885057471 0.4834770114942529 0.3081896551724138 0.31513409961685823
0 0.5296336206896551 0.4422892720306513 0.37751436781609193 0.18726053639846743
0 0.618444683908046 0.5423850574712644 0.40391522988505746 0.17049808429118773
0 0.6872306034482759 0.6876197318007663 0.40391522988505746 0.23443486590038315
0 0.7598778735632183 0.8835009578544061 0.24820402298850575 0.22772988505747127
0 0.8888290229885057 0.7902298850574713 0.21982758620689655 0.414272030651341
0 0.5617816091954023 0.8002873563218391 0.31573275862068967 0.3989463601532567
0 0.40301724137931033 0.7486829501915708 0.20222701149425287 0.5007183908045977
0 0.21075790229885058 0.7577825670498084 0.27676005747126436 0.4317528735632184
0 0.21075790229885058 0.9040948275862069 0.3295617816091954 0.18989463601532566
0 0.8951149425287356 0.09075670498084291 0.20977011494252873 0.17959770114942528
