0 0.9172054597701149 0.060704022988505746 0.16235632183908047 0.11470306513409961
0 0.8414152298850575 0.24856321839080459 0.30926724137931033 0.3314176245210728
0 0.18767959770114942 0.05579501915708812 0.17636494252873564 0.11398467432950192
0 0.11548132183908046 0.45545977011494254 0.1997126436781609 0.2883141762452107
0 0.30495689655172414 0.45677681992337166 0.319683908045977 0.45426245210727967
0 0.07453304597701149 0.21599616858237547 0.14583333333333334 0.42528735632183906
0 0.10515445402298851 0.7986111111111112 0.20707614942528735 0.3931992337164751
0 0.7419181034482759 0.11865421455938698 0.22126436781609196 0.2397030651340996
0 0.5419360632183908 0.37092911877394635 0.31483477011494254 0.24473180076628354
0 0.3160919540229885 0.625838122605364 0.1598419540229885 0.2042624521072797
0 0.8926903735632183 0.9291187739463601 0.11512212643678162 0.13697318007662834
0 0.5899784482758621 0.6374521072796935 0.44396551724137934 0.21408045977011494
0 0.5786637931034483 0.6981561302681992 0.2510775862068966 0.5059865900383141
0 0.5464260057471264 0.6639128352490421 0.32561063218390807 0.4063697318007663
0 0.4026580459770115 0.13541666666666666 0.49389367816091956 0.2684386973180077
0 0.23239942528735633 0.22150383141762453 0.34375 0.2859195402298851
