0 0.5563936781609196 0.5717193486590039 0.4360632183908046 0.28663793103448276
1 0.5482219827586207 0.7544300766283525 0.4850933908045977 0.44851532567049807
0 0.8084590517241379 0.6356561302681992 0.28107040229885055 0.27801724137931033
0 0.9300466954022989 0.7266522988505747 0.1399066091954023 0.47054597701149425
0 0.9375897988505747 0.8481800766283525 0.12230603448275862 0.2950191570881226
0 0.07210847701149425 0.31214080459770116 0.14170258620689655 0.5687260536398467
0 0.7744252873563219 0.3263888888888889 0.4511494252873563 0.30986590038314177
0 0.46910919540229884 0.2252155172413793 0.28304597701149425 0.44516283524904215
0 0.580010775862069 0.09243295019157088 0.2059985632183908 0.17959770114942528
0 0.7744252873563219 0.1294300766283525 0.31896551724137934 0.2535919540229885
0 0.8922413793103449 0.12775383141762453 0.21408045977011494 0.2535919540229885
0 0.9552801724137931 0.49820402298850575 0.08692528735632184 0.15445402298850575
