0 0.19136135057471265 0.23359674329501914 0.3827227011494253 0.24449233716475097
0 0.16082974137931033 0.11613984674329501 0.31986350574712646 0.1556513409961686
0 0.31573275862068967 0.4019396551724138 0.30280172413793105 0.2550287356321839
0 0.10021551724137931 0.5864463601532567 0.1968390804597701 0.31273946360153254
0 0.31797772988505746 0.7379070881226054 0.33423132183908044 0.2636494252873563
0 0.10605244252873564 0.9284003831417624 0.21210488505747127 0.14128352490421456
0 0.06734913793103449 0.8535680076628352 0.13469827586206898 0.09937739463601533
0 0.4968570402298851 0.8787116858237548 0.2803520114942529 0.2406609195402299
1 0.5727370689655172 0.6768438697318008 0.26329022988505746 0.3953544061302682
0 0.8710488505747126 0.7109674329501916 0.2543103448275862 0.24329501915708812
0 0.5821659482758621 0.1773227969348659 0.22288074712643677 0.3546455938697318
0 0.8315373563218391 0.2719109195402299 0.33512931034482757 0.16546934865900384
1 0.592492816091954 0.4390565134099617 0.22198275862068967 0.19516283524904215
1 0.6302083333333334 0.476772030651341 0.35129310344827586 0.22030651340996169
0 0.8351293103448276 0.436661877394636 0.32794540229885055 0.23347701149425287
0 0.7097701149425287 0.6798371647509579 0.19216954022988506 0.2025862068965517
0 0.9595905172413793 0.06824712643678162 0.07722701149425287 0.13649425287356323
