0 0.6149425287356322 0.3619492337164751 0.2755028735632184 0.7205459770114943
1 0.42376077586206895 0.5587883141762452 0.26382902298850575 0.7861590038314177
0 0.24039152298850575 0.95522030651341 0.2649066091954023 0.08764367816091954
1 0.8862248563218391 0.3079501915708812 0.2250359195402299 0.4813218390804598
0 0.8012751436781609 0.5635775862068966 0.3457255747126437 0.42983716475095785
0 0.2608656609195402 0.7816091954022989 0.47000718390804597 0.4315134099616858
0 0.9724317528735632 0.0610632183908046 0.05262212643678161 0.11877394636015326
0 0.8733836206896551 0.7761015325670498 0.2507183908045977 0.4454022988505747
0 0.04400143678160919 0.3227969348659004 0.08548850574712644 0.17337164750957854
0 0.8463541666666666 0.7878352490421456 0.30010775862068967 0.4190613026819923
0 0.6436781609195402 0.7393438697318008 0.29310344827586204 0.516044061302682
