0 0.12311422413793104 0.5948275862068966 0.24443247126436782 0.4109195402298851
0 0.4483656609195402 0.6307471264367817 0.33423132183908044 0.2289272030651341
0 0.2739762931034483 0.8350095785440613 0.2336566091954023 0.32806513409961685
0 0.47216235632183906 0.8421934865900383 0.19863505747126436 0.3136973180076628
0 0.5588182471264368 0.5623802681992337 0.1995330459770115 0.16403256704980843
0 0.4088541666666667 0.382183908045977 0.19414511494252873 0.3065134099616858
1 0.42591594827586204 0.4258860153256705 0.32525143678160917 0.20234674329501914
0 0.5884518678160919 0.2353927203065134 0.33063936781609193 0.22653256704980843
0 0.7250359195402298 0.08022030651340996 0.10237068965517242 0.15804597701149425
0 0.8607219827586207 0.05148467432950191 0.1348778735632184 0.10296934865900383
0 0.20842313218390804 0.20246647509578544 0.22288074712643677 0.4049329501915709
0 0.05971623563218391 0.46479885057471265 0.11943247126436782 0.26340996168582376
0 0.5376257183908046 0.14188218390804597 0.28933189655172414 0.280411877394636
