1 0.5794719827586207 0.4482758620689655 0.4516882183908046 0.289272030651341
0 0.2995689655172414 0.742816091954023 0.2349137931034483 0.5095785440613027
0 0.8464439655172413 0.7780172413793104 0.23922413793103448 0.44157088122605365
0 0.8200431034482759 0.6464319923371648 0.3563218390804598 0.3450670498084291
0 0.9709949712643678 0.8624281609195402 0.05621408045977012 0.26556513409961685
0 0.5473239942528736 0.33153735632183906 0.34823994252873564 0.26795977011494254
0 0.7004310344827587 0.09698275862068965 0.413433908045977 0.18917624521072796
0 0.9339080459770115 0.04705459770114943 0.13038793103448276 0.09410919540229885
0 0.45761494252873564 0.08453065134099617 0.11170977011494253 0.164272030651341
0 0.7147090517241379 0.2637691570881226 0.3687140804597701 0.4154693486590038
0 0.9857219827586207 0.18989463601532566 0.023168103448275863 0.125
