0 0.8257902298850575 0.09626436781609195 0.2855603448275862 0.18726053639846743
0 0.9520474137931034 0.35787835249042144 0.09195402298850575 0.32447318007662834
1 0.3941271551724138 0.16546934865900384 0.22252155172413793 0.3275862068965517
0 0.2558369252873563 0.13278256704980843 0.1725933908045977 0.26556513409961685
0 0.09958692528735633 0.3394396551724138 0.19773706896551724 0.32112068965517243
0 0.14834770114942528 0.30124521072796934 0.2916666666666667 0.19731800766283525
0 0.10524425287356322 0.5422653256704981 0.20797413793103448 0.2746647509578544
0 0.1421515804597701 0.7209051724137931 0.2828663793103448 0.2100095785440613
0 0.043642241379310345 0.8238745210727969 0.08369252873563218 0.1621168582375479
0 0.26023706896551724 0.795617816091954 0.3577586206896552 0.28903256704980845
0 0.2067169540229885 0.9329501915708812 0.30998563218390807 0.12691570881226052
1 0.4401939655172414 0.5717193486590039 0.31070402298850575 0.21767241379310345
0 0.3723958333333333 0.5289750957854407 0.28466235632183906 0.24952107279693486
0 0.6241918103448276 0.6809147509578544 0.26526580459770116 0.4106800766283525
0 0.4656968390804598 0.33022030651340994 0.25969827586206895 0.19157088122605365
