0 0.10524425287356322 0.054477969348659006 0.21048850574712644 0.10895593869731801
0 0.28942169540229884 0.08740421455938698 0.29974856321839083 0.17193486590038315
0 0.25188577586206895 0.12823275862068967 0.12338362068965517 0.2535919540229885
0 0.12033045977011494 0.2442528735632184 0.2406609195402299 0.2705938697318008
0 0.8845186781609196 0.04585727969348659 0.09123563218390805 0.08884099616858238
0 0.1810344827586207 0.6487068965517241 0.21156609195402298 0.2777777777777778
0 0.1783405172413793 0.4397749042145594 0.3545258620689655 0.21767241379310345
0 0.3941271551724138 0.5699233716475096 0.1654094827586207 0.2921455938697318
0 0.3389008620689655 0.7963362068965517 0.18139367816091953 0.3953544061302682
0 0.49407327586206895 0.7727490421455939 0.14188218390804597 0.4482758620689655
0 0.6476293103448276 0.7890325670498084 0.23635057471264367 0.2777777777777778
0 0.8850574712643678 0.3795498084291188 0.22126436781609196 0.16044061302681992
0 0.8711386494252874 0.5027538314176245 0.25341235632183906 0.19755747126436782
0 0.9500718390804598 0.6574473180076629 0.09554597701149425 0.22916666666666666
0 0.8205818965517241 0.7992097701149425 0.20186781609195403 0.398227969348659
0 0.662176724137931 0.5385536398467433 0.23742816091954022 0.32950191570881227
1 0.6841774425287356 0.5141283524904214 0.24263649425287356 0.2950191570881226
0 0.020743534482758622 0.8065134099616859 0.037895114942528736 0.0828544061302682
