0 0.7292564655172413 0.5299329501915708 0.3741020114942529 0.13840996168582376
0 0.8420438218390804 0.29226532567049807 0.2002514367816092 0.5208333333333334
0 0.8235452586206896 0.3553639846743295 0.3493175287356322 0.3481800766283525
0 0.9320222701149425 0.4614463601532567 0.12877155172413793 0.1925287356321839
0 0.5220905172413793 0.4050526819923372 0.14152298850574713 0.2071360153256705
0 0.6479885057471264 0.39523467432950193 0.1781609195402299 0.16546934865900384
0 0.9508800287356322 0.085727969348659 0.09464798850574713 0.16666666666666666
0 0.7918462643678161 0.08764367816091954 0.11494252873563218 0.1752873563218391
0 0.9145114942528736 0.6004549808429118 0.1655890804597701 0.11757662835249043
0 0.9504310344827587 0.9019396551724138 0.09554597701149425 0.19133141762452108
0 0.9094827586206896 0.7352729885057471 0.17923850574712644 0.17409003831417624
0 0.7605064655172413 0.6636733716475096 0.2821479885057471 0.20953065134099616
0 0.7288074712643678 0.8946360153256705 0.20043103448275862 0.203544061302682
0 0.6052442528735632 0.7843630268199234 0.14260057471264367 0.34554597701149425
0 0.5422952586206896 0.9608477011494253 0.2059985632183908 0.07112068965517242
0 0.4815912356321839 0.9032567049808429 0.18372844827586207 0.18869731800766285
0 0.39655172413793105 0.8187260536398467 0.14798850574712644 0.3481800766283525
0 0.4131645114942529 0.7672413793103449 0.29148706896551724 0.20833333333333334
0 0.2541307471264368 0.8449473180076629 0.13326149425287356 0.06968390804597702
0 0.24766522988505746 0.7794540229885057 0.07435344827586207 0.08093869731800767
0 0.3928699712643678 0.5852490421455939 0.048670977011494254 0.19731800766283525
0 0.4728807471264368 0.5778256704980843 0.25826149425287354 0.14846743295019157
0 0.2931932471264368 0.41235632183908044 0.16361350574712644 0.28544061302681994
0 0.41729525862068967 0.3712883141762452 0.12877155172413793 0.30148467432950193
0 0.47701149425287354 0.16044061302681992 0.1875 0.3136973180076628
0 0.5308010057471264 0.1476293103448276 0.17367097701149425 0.2952586206896552
0 0.3584770114942529 0.03484195402298851 0.11027298850574713 0.0625
0 0.3396192528735632 0.16546934865900384 0.12033045977011494 0.3160919540229885
0 0.22835847701149425 0.19420498084291188 0.171875 0.38601532567049807
0 0.23114224137931033 0.9252873563218391 0.1903735632183908 0.14224137931034483
0 0.10479525862068965 0.95102969348659 0.06986350574712644 0.09554597701149425
0 0.14242097701149425 0.5557950191570882 0.28304597701149425 0.12116858237547892
0 0.12868175287356323 0.3001676245210728 0.1654094827586207 0.30148467432950193
0 0.1419719827586207 0.4803639846743295 0.2785560344827586 0.20833333333333334
0 0.08638649425287356 0.3051963601532567 0.16918103448275862 0.2157567049808429
