0 0.17483836206896552 0.6127873563218391 0.3478807471264368 0.4564176245210728
0 0.15211925287356323 0.6512212643678161 0.22054597701149425 0.42169540229885055
0 0.39026580459770116 0.7323994252873564 0.29310344827586204 0.4700670498084291
1 0.6515804597701149 0.5029932950191571 0.29310344827586204 0.5543582375478927
0 0.8715876436781609 0.4979645593869732 0.2510775862068966 0.43797892720306514
0 0.44935344827586204 0.4515086206896552 0.3089080459770115 0.29765325670498083
0 0.25251436781609193 0.29825191570881227 0.26329022988505746 0.3436302681992337
0 0.08979885057471264 0.9098419540229885 0.17959770114942528 0.17744252873563218
0 0.043732040229885055 0.03723659003831418 0.08566810344827586 0.07447318007662836
0 0.026400862068965518 0.14224137931034483 0.04920977011494253 0.13266283524904215
