0 0.1540948275862069 0.5116139846743295 0.30639367816091956 0.35943486590038315
0 0.06869612068965517 0.8427921455938697 0.13380028735632185 0.3148946360153257
0 0.45554956896551724 0.7570641762452107 0.2192887931034483 0.43366858237547895
0 0.5 0.8127394636015326 0.19145114942528735 0.3414750957854406
0 0.7533225574712644 0.3692528735632184 0.1355962643678161 0.16475095785440613
0 0.798760775862069 0.43486590038314177 0.2803520114942529 0.1556513409961686
0 0.8867636494252874 0.4905411877394636 0.22467672413793102 0.26700191570881227
0 0.8180675287356322 0.6882183908045977 0.30639367816091956 0.19540229885057472
0 0.6923491379310345 0.6048850574712644 0.37464080459770116 0.2193486590038314
0 0.6280531609195402 0.39403735632183906 0.17959770114942528 0.36182950191570884
0 0.8415948275862069 0.21396072796934865 0.31537356321839083 0.3546455938697318
0 0.8930495689655172 0.0850095785440613 0.21030890804597702 0.1700191570881226
0 0.9820402298850575 0.21743295019157088 0.032327586206896554 0.07327586206896551
0 0.5260416666666666 0.06405651340996169 0.21120689655172414 0.1257183908045977
0 0.2299748563218391 0.07962164750957855 0.29292385057471265 0.1592432950191571
0 0.2843929597701149 0.19528256704980843 0.19486350574712644 0.39056513409961685
