0 0.13694324712643677 0.0668103448275862 0.272808908045977 0.12883141762452108
0 0.8366558908045977 0.2165948275862069 0.3004669540229885 0.24976053639846743
0 0.6140445402298851 0.4505507662835249 0.21695402298850575 0.19276819923371646
0 0.10281968390804598 0.2246168582375479 0.20563936781609196 0.4410919540229885
0 0.03556034482758621 0.6833093869731801 0.07004310344827586 0.20953065134099616
0 0.2299748563218391 0.806154214559387 0.28933189655172414 0.38242337164750956
0 0.39655172413793105 0.10979406130268199 0.30352011494252873 0.2181513409961686
1 0.7164152298850575 0.6054837164750958 0.29346264367816094 0.233955938697318
0 0.48302801724137934 0.6975574712643678 0.3295617816091954 0.21264367816091953
0 0.8192349137931034 0.3174090038314176 0.2002514367816092 0.4260057471264368
0 0.44486350574712646 0.5007183908045977 0.17025862068965517 0.3184865900383142
1 0.6369432471264368 0.37308429118773945 0.2922054597701149 0.3510536398467433
0 0.5811781609195402 0.5366379310344828 0.23168103448275862 0.13745210727969348
0 0.5904274425287356 0.787595785440613 0.24766522988505746 0.1700191570881226
0 0.9270833333333334 0.4583333333333333 0.14475574712643677 0.14703065134099616
0 0.6937859195402298 0.1272749042145594 0.22701149425287356 0.2545498084291188
0 0.8823635057471264 0.054477969348659006 0.23168103448275862 0.10895593869731801
0 0.9454022988505747 0.24664750957854406 0.10668103448275862 0.3146551724137931
