0 0.12895114942528735 0.826867816091954 0.23455459770114942 0.33764367816091956
0 0.035739942528735635 0.9316331417624522 0.07147988505747127 0.1314655172413793
0 0.5088002873563219 0.8127394636015326 0.375 0.26580459770114945
0 0.8188757183908046 0.8855363984674329 0.20061063218390804 0.22365900383141762
0 0.9114583333333334 0.8378831417624522 0.16989942528735633 0.31896551724137934
0 0.8423132183908046 0.18833812260536398 0.31285919540229884 0.30148467432950193
0 0.4560883620689655 0.8746408045977011 0.1804956896551724 0.24545019157088122
0 0.4343570402298851 0.5681273946360154 0.18875718390804597 0.5174808429118773
0 0.6817528735632183 0.507183908045977 0.4396551724137931 0.29549808429118773
0 0.7766702586206896 0.6611590038314177 0.44665948275862066 0.23754789272030652
1 0.6769935344827587 0.4367816091954023 0.4021192528735632 0.36733716475095785
1 0.31070402298850575 0.5931513409961686 0.21336206896551724 0.5986590038314177
0 0.6395474137931034 0.1446360153256705 0.20510057471264367 0.289272030651341
