0 0.09788074712643678 0.8605124521072797 0.1910919540229885 0.27370689655172414
0 0.5345725574712644 0.9559386973180076 0.1079382183908046 0.0828544061302682
0 0.6981860632183908 0.765205938697318 0.45599856321839083 0.4643199233716475
0 0.6063218390804598 0.08596743295019157 0.10488505747126436 0.17193486590038315
0 0.853448275862069 0.20402298850574713 0.2905890804597701 0.4046934865900383
0 0.8944863505747126 0.6440373563218391 0.21102729885057472 0.7066570881226054
0 0.7127334770114943 0.3423132183908046 0.3047772988505747 0.6784003831417624
1 0.4423491379310345 0.20318486590038315 0.2708333333333333 0.4063697318007663
0 0.2655352011494253 0.8753591954022989 0.4207974137931034 0.24401340996168583
1 0.3991558908045977 0.7003113026819924 0.5217313218390804 0.5064655172413793
0 0.3036997126436782 0.35476532567049807 0.5556752873563219 0.46575670498084293
