0 0.5348419540229885 0.5469348659003831 0.25862068965517243 0.17863984674329503
0 0.5070043103448276 0.8415948275862069 0.24748563218390804 0.3139367816091954
0 0.4991020114942529 0.734794061302682 0.058548850574712645 0.05579501915708812
0 0.3655711206896552 0.6033285440613027 0.15068247126436782 0.3857758620689655
0 0.18794899425287356 0.3485392720306513 0.2548491379310345 0.18606321839080459
0 0.17717313218390804 0.2418582375478927 0.35075431034482757 0.31992337164750956
0 0.12697557471264367 0.499161877394636 0.25395114942528735 0.19468390804597702
0 0.10416666666666667 0.37763409961685823 0.20833333333333334 0.13266283524904215
0 0.30181393678160917 0.2021072796934866 0.2465876436781609 0.4018199233716475
0 0.5563038793103449 0.2244971264367816 0.18983477011494254 0.25311302681992337
0 0.37957974137931033 0.10045498084291188 0.18983477011494254 0.20090996168582376
0 0.44001436781609193 0.059506704980842914 0.288433908045977 0.11422413793103449
0 0.09581537356321838 0.0508860153256705 0.18983477011494254 0.09937739463601533
0 0.24048132183908047 0.6467911877394636 0.14798850574712644 0.26676245210727967
0 0.18283045977011494 0.8676963601532567 0.26688218390804597 0.2617337164750958
0 0.25817169540229884 0.9420498084291188 0.08279454022988506 0.11302681992337164
0 0.09303160919540229 0.787595785440613 0.18426724137931033 0.4190613026819923
0 0.02002514367816092 0.5997365900383141 0.03825431034482758 0.040948275862068964
0 0.042295258620689655 0.6821120689655172 0.08279454022988506 0.13386015325670497
0 0.3781429597701149 0.8757183908045977 0.16469109195402298 0.24568965517241378
