0 0.0902478448275862 0.09590517241379311 0.18265086206896552 0.18893678160919541
0 0.11925287356321838 0.25419061302681994 0.20402298850574713 0.42552681992337166
0 0.04346264367816092 0.665948275862069 0.08477011494252873 0.40373563218390807
0 0.28735632183908044 0.1381704980842912 0.22665229885057472 0.2705938697318008
0 0.34204382183908044 0.3823036398467433 0.28250718390804597 0.3493773946360153
0 0.46075790229885055 0.2570641762452107 0.16109913793103448 0.4537835249042146
0 0.5407686781609196 0.08309386973180076 0.11494252873563218 0.16618773946360152
0 0.6299389367816092 0.1926484674329502 0.19881465517241378 0.38242337164750956
0 0.8077406609195402 0.13386015325670497 0.21282327586206898 0.26484674329501917
0 0.8362068965517241 0.27717911877394635 0.3232758620689655 0.21623563218390804
0 0.8362068965517241 0.4318726053639847 0.32112068965517243 0.23635057471264367
0 0.7641882183908046 0.5921934865900383 0.43929597701149425 0.3022030651340996
0 0.5995869252873564 0.8184865900383141 0.3827227011494253 0.26772030651340994
0 0.37051005747126436 0.9553400383141762 0.22557471264367815 0.08309386973180076
