0 0.9619252873563219 0.7031848659003831 0.07435344827586207 0.08931992337164751
0 0.8955639367816092 0.9507902298850575 0.20707614942528735 0.09650383141762452
0 0.7413793103448276 0.7755028735632183 0.4130747126436782 0.3876915708812261
0 0.5575610632183908 0.16343390804597702 0.3927801724137931 0.28951149425287354
0 0.8398886494252874 0.060704022988505746 0.31842672413793105 0.12140804597701149
0 0.5181393678160919 0.18259099616858238 0.23958333333333334 0.36518199233716475
0 0.6420617816091954 0.31573275862068967 0.3613505747126437 0.49257662835249044
1 0.7376975574712644 0.4747365900383142 0.335308908045977 0.5534003831417624
0 0.1740301724137931 0.06812739463601533 0.13649425287356323 0.13625478927203066
0 0.20285560344827586 0.36961206896551724 0.40391522988505746 0.26125478927203066
0 0.3073814655172414 0.5893199233716475 0.40858477011494254 0.28975095785440613
0 0.09976652298850575 0.6016522988505747 0.19773706896551724 0.358955938697318
0 0.0603448275862069 0.8201628352490421 0.11889367816091954 0.12739463601532566
