0 0.1781609195402299 0.5556752873563219 0.33153735632183906 0.6491858237547893
0 0.10039511494252873 0.7426963601532567 0.1925287356321839 0.2861590038314176
0 0.5103268678160919 0.6217672413793104 0.2749640804597701 0.3484195402298851
0 0.6362248563218391 0.6491858237547893 0.49658764367816094 0.27873563218390807
0 0.633441091954023 0.36314655172413796 0.31214080459770116 0.40349616858237547
0 0.8638649425287356 0.37320402298850575 0.26688218390804597 0.28424329501915707
1 0.7262033045977011 0.8583572796934866 0.4951508620689655 0.27514367816091956
0 0.5529813218390804 0.8839798850574713 0.3602729885057471 0.21623563218390804
0 0.9133441091954023 0.545617816091954 0.16792385057471265 0.09698275862068965
0 0.7750538793103449 0.49245689655172414 0.07022270114942529 0.09363026819923372
0 0.7366199712643678 0.9737787356321839 0.2875359195402299 0.04765325670498084
0 0.9868893678160919 0.9729406130268199 0.023347701149425287 0.04932950191570881
0 0.8969109195402298 0.7138409961685823 0.20402298850574713 0.4281609195402299
