0 0.9410021551724138 0.21743295019157088 0.11619971264367816 0.16283524904214558
0 0.9414511494252874 0.12392241379310345 0.11709770114942529 0.23922413793103448
0 0.7879849137931034 0.1206896551724138 0.4240301724137931 0.2389846743295019
0 0.5630387931034483 0.3690134099616858 0.27478448275862066 0.2509578544061303
0 0.40086206896551724 0.12284482758620689 0.13936781609195403 0.24329501915708812
0 0.5066451149425287 0.1388888888888889 0.1533764367816092 0.2777777777777778
0 0.5755208333333334 0.03484195402298851 0.11691810344827586 0.06968390804597702
1 0.5414870689655172 0.3436302681992337 0.20510057471264367 0.3529693486590038
0 0.774694683908046 0.34913793103448276 0.2796336206896552 0.28879310344827586
0 0.5543283045977011 0.9030172413793104 0.15930316091954022 0.1925287356321839
0 0.7049209770114943 0.9389367816091954 0.20330459770114942 0.1206896551724138
0 0.8298311781609196 0.7784961685823755 0.3385416666666667 0.29549808429118773
0 0.6277837643678161 0.7197078544061303 0.2117456896551724 0.24018199233716475
0 0.7958872126436781 0.5648946360153256 0.4082255747126437 0.2092911877394636
0 0.07731681034482758 0.8565613026819924 0.15535201149425287 0.28639846743295017
0 0.16208692528735633 0.9329501915708812 0.10721982758620689 0.1336206896551724
0 0.3069324712643678 0.9316331417624522 0.21336206896551724 0.13625478927203066
0 0.29040948275862066 0.8236350574712644 0.13613505747126436 0.19659961685823754
