1 0.5220007183908046 0.46012931034482757 0.17726293103448276 0.21336206896551724
0 0.5334949712643678 0.5053879310344828 0.33135775862068967 0.2310823754789272
0 0.6586745689655172 0.6203304597701149 0.3098060344827586 0.3081896551724138
1 0.4738685344827586 0.8583572796934866 0.328125 0.22533524904214558
0 0.6350574712643678 0.3132183908045977 0.14331896551724138 0.38122605363984674
0 0.3847880747126437 0.10991379310344827 0.3173491379310345 0.21743295019157088
1 0.39107399425287354 0.18558429118773948 0.18229166666666666 0.3668582375478927
0 0.5724676724137931 0.13864942528735633 0.18229166666666666 0.27490421455938696
0 0.8517420977011494 0.1684626436781609 0.24694683908045978 0.33022030651340994
0 0.07866379310344827 0.5053879310344828 0.15086206896551724 0.3809865900383142
0 0.08369252873563218 0.25299329501915707 0.16415229885057472 0.2674808429118774
0 0.1698096264367816 0.540110153256705 0.3331537356321839 0.27610153256704983
0 0.11763649425287356 0.08177681992337164 0.23204022988505746 0.1568486590038314
0 0.25395114942528735 0.26568486590038315 0.27586206896551724 0.2995689655172414
0 0.22557471264367815 0.9545019157088123 0.2557471264367816 0.08620689655172414
