1 0.8633261494252874 0.4703065134099617 0.2614942528735632 0.6431992337164751
0 0.49613864942528735 0.6733716475095786 0.2372485632183908 0.578544061302682
1 0.701239224137931 0.5675287356321839 0.18732040229885058 0.6987547892720306
0 0.31743893678160917 0.32794540229885055 0.27101293103448276 0.576867816091954
0 0.17780172413793102 0.5919540229885057 0.20510057471264367 0.4061302681992337
0 0.29193606321839083 0.5756704980842912 0.31698994252873564 0.41810344827586204
0 0.11943247126436782 0.22210249042145594 0.23527298850574713 0.33022030651340994
0 0.6937859195402298 0.0719588122605364 0.16774425287356323 0.1439176245210728
0 0.35389727011494254 0.10476532567049808 0.1945043103448276 0.20617816091954022
0 0.19854525862068967 0.04669540229885057 0.11619971264367816 0.09003831417624521
0 0.5180495689655172 0.2165948275862069 0.1980962643678161 0.42983716475095785
0 0.18857758620689655 0.8729645593869731 0.37464080459770116 0.2535919540229885
0 0.9688397988505747 0.8729645593869731 0.05980603448275862 0.24736590038314177
0 0.6319145114942529 0.5726772030651341 0.08890086206896551 0.5256226053639846
0 0.8174389367816092 0.010656130268199233 0.07345545977011494 0.016522988505747127
0 0.03879310344827586 0.553639846743295 0.07650862068965517 0.38026819923371646
