0 0.8883800287356322 0.2325191570881226 0.22144396551724138 0.4477969348659004
0 0.9116379310344828 0.5947078544061303 0.17492816091954022 0.33596743295019155
0 0.9498024425287356 0.907926245210728 0.09859913793103449 0.16115900383141762
0 0.7906788793103449 0.7126436781609196 0.20276580459770116 0.5718390804597702
0 0.6688218390804598 0.4521072796934866 0.24748563218390804 0.6091954022988506
0 0.6186242816091954 0.4724616858237548 0.26239224137931033 0.414272030651341
0 0.46695402298850575 0.6493055555555556 0.19899425287356323 0.5744731800766284
0 0.26373922413793105 0.5085009578544061 0.25951867816091956 0.6003352490421456
0 0.21488864942528735 0.2449712643678161 0.4261853448275862 0.33860153256704983
0 0.5590876436781609 0.17923850574712644 0.3387212643678161 0.36087164750957856
0 0.09159482758620689 0.06633141762452108 0.17959770114942528 0.13266283524904215
