0 0.34033764367816094 0.8680555555555556 0.2237787356321839 0.26053639846743293
0 0.13371048850574713 0.8771551724137931 0.24515086206896552 0.24377394636015326
0 0.5853987068965517 0.8684147509578544 0.4577945402298851 0.26125478927203066
0 0.8416846264367817 0.9761733716475096 0.22180316091954022 0.043342911877394634
0 0.9740481321839081 0.9601293103448276 0.0483117816091954 0.07543103448275862
0 0.8500359195402298 0.6827107279693486 0.2963362068965517 0.3726053639846743
1 0.7712823275862069 0.5317289272030651 0.43157327586206895 0.4049329501915709
0 0.5603448275862069 0.5520833333333334 0.40948275862068967 0.4307950191570881
0 0.4270833333333333 0.41044061302681994 0.27478448275862066 0.5780651340996169
1 0.4048132183908046 0.44504310344827586 0.46048850574712646 0.3010057471264368
0 0.7855603448275862 0.1801963601532567 0.4270833333333333 0.35272988505747127
