0 0.5190373563218391 0.9345067049808429 0.15625 0.12523946360153257
0 0.6897449712643678 0.28963122605363983 0.34141522988505746 0.4676724137931034
0 0.7915768678160919 0.5619013409961686 0.29400143678160917 0.6300287356321839
0 0.8125 0.8564415708812261 0.35811781609195403 0.2813697318007663
0 0.9181932471264368 0.2703544061302682 0.16002155172413793 0.5359195402298851
0 0.7293462643678161 0.07878352490421456 0.17852011494252873 0.15517241379310345
1 0.43767959770114945 0.21827107279693486 0.25754310344827586 0.4341475095785441
0 0.32372485632183906 0.18474616858237547 0.15642959770114942 0.3647030651340996
0 0.13397988505747127 0.5475335249042146 0.2661637931034483 0.2617337164750958
0 0.027927442528735632 0.14260057471264367 0.055854885057471264 0.28520114942528735
1 0.1372126436781609 0.15074233716475097 0.2094109195402299 0.30148467432950193
0 0.021641522988505746 0.3959530651340996 0.042205459770114945 0.07734674329501916
