0 0.0902478448275862 0.5630986590038314 0.17869971264367815 0.47389846743295017
1 0.38092672413793105 0.8018438697318008 0.22054597701149425 0.39056513409961685
0 0.15633979885057472 0.8806273946360154 0.3069324712643678 0.23060344827586207
1 0.5343929597701149 0.5575909961685823 0.41576867816091956 0.26412835249042144
1 0.8307291666666666 0.787595785440613 0.33674568965517243 0.30507662835249044
0 0.9489044540229885 0.6188936781609196 0.09859913793103449 0.18366858237547892
0 0.9321120689655172 0.9655172413793104 0.13218390804597702 0.06321839080459771
0 0.7902298850574713 0.23874521072796934 0.4177442528735632 0.34339080459770116
0 0.6521192528735632 0.3329741379310345 0.38146551724137934 0.3757183908045977
0 0.7883441091954023 0.11470306513409961 0.42151580459770116 0.22940613026819923
0 0.47997485632183906 0.07686781609195402 0.2677801724137931 0.1489463601532567
0 0.27262931034482757 0.07315613026819924 0.13397988505747127 0.14631226053639848
0 0.11251795977011494 0.2362308429118774 0.22323994252873564 0.4676724137931034
