0 0.5797413793103449 0.5829741379310345 0.2880747126436782 0.38338122605363983
0 0.1869612068965517 0.6145833333333334 0.3728448275862069 0.4940134099616858
0 0.5494791666666666 0.4907806513409962 0.41361350574712646 0.31776819923371646
0 0.7258441091954023 0.6812739463601533 0.23042385057471265 0.38553639846743293
0 0.897808908045977 0.7025862068965517 0.20330459770114942 0.3620689655172414
0 0.7588002873563219 0.19444444444444445 0.2762212643678161 0.38553639846743293
0 0.36637931034482757 0.7243773946360154 0.24533045977011494 0.282088122605364
0 0.3577586206896552 0.9267241379310345 0.2769396551724138 0.14319923371647508
0 0.032327586206896554 0.4650383141762452 0.06465517241379311 0.16044061302681992
0 0.5512751436781609 0.8485392720306514 0.15427442528735633 0.2995689655172414
0 0.8363864942528736 0.9136733716475096 0.3225574712643678 0.16930076628352492
0 0.8553340517241379 0.43342911877394635 0.28573994252873564 0.3136973180076628
0 0.0319683908045977 0.9093630268199234 0.06285919540229885 0.12092911877394635
0 0.6132363505747126 0.9274425287356322 0.18193247126436782 0.13984674329501914
0 0.7474856321839081 0.9610871647509579 0.09375 0.07590996168582376
