0 0.584051724137931 0.9359434865900383 0.10021551724137931 0.12619731800766285
0 0.9270833333333334 0.8839798850574713 0.1440373563218391 0.23012452107279693
0 0.45492097701149425 0.9055316091954023 0.16522988505747127 0.18702107279693486
0 0.2349137931034483 0.8369252873563219 0.1968390804597701 0.3194444444444444
0 0.422503591954023 0.6876197318007663 0.42151580459770116 0.2435344827586207
0 0.20150862068965517 0.3924808429118774 0.4012212643678161 0.35153256704980845
0 0.8482399425287356 0.3225574712643678 0.3017241379310345 0.3007662835249042
0 0.7066271551724138 0.1294300766283525 0.5849497126436781 0.258860153256705
0 0.5798311781609196 0.3856561302681992 0.4800646551724138 0.2861590038314176
0 0.6241918103448276 0.6094348659003831 0.4031968390804598 0.2006704980842912
0 0.38263290229885055 0.8963122605363985 0.12877155172413793 0.20402298850574713
0 0.8997844827586207 0.29801245210727967 0.19791666666666666 0.3115421455938697
