0 0.49461206896551724 0.6103927203065134 0.15589080459770116 0.23084291187739464
0 0.5070043103448276 0.6400862068965517 0.34626436781609193 0.20881226053639848
0 0.5770474137931034 0.44576149425287354 0.13326149425287356 0.3436302681992337
0 0.6445761494252874 0.7346743295019157 0.2550287356321839 0.36015325670498083
0 0.16531968390804597 0.7931034482758621 0.3223778735632184 0.23419540229885058
0 0.3115122126436782 0.2832854406130268 0.27999281609195403 0.3103448275862069
0 0.305316091954023 0.31764846743295017 0.2377873563218391 0.4274425287356322
0 0.2095905172413793 0.4988026819923372 0.2948994252873563 0.21551724137931033
0 0.08405172413793104 0.3308189655172414 0.16810344827586207 0.21767241379310345
0 0.5 0.23132183908045978 0.17636494252873564 0.414272030651341
0 0.5451688218390804 0.9506704980842912 0.2401221264367816 0.09386973180076628
0 0.06169181034482758 0.5573515325670498 0.12015086206896551 0.17552681992337166
0 0.7262033045977011 0.21707375478927204 0.19306752873563218 0.4341475095785441
0 0.7767600574712644 0.03867337164750958 0.05387931034482758 0.07495210727969348
0 0.07040229885057471 0.7840038314176245 0.13793103448275862 0.4200191570881226
