0 0.019845545977011495 0.2600574712643678 0.03825431034482758 0.09482758620689655
0 0.8644037356321839 0.33034003831417624 0.2683189655172414 0.20617816091954022
0 0.8494073275862069 0.4905411877394636 0.2983117816091954 0.2181513409961686
0 0.6150323275862069 0.35692049808429116 0.14026580459770116 0.39056513409961685
0 0.7652658045977011 0.1743295019157088 0.2478448275862069 0.3505747126436782
0 0.5030531609195402 0.25826149425287354 0.1505028735632184 0.23347701149425287
1 0.49658764367816094 0.11230842911877395 0.3250718390804598 0.22270114942528735
0 0.3094468390804598 0.4434865900383142 0.23132183908045978 0.20450191570881227
1 0.4207974137931034 0.6588840996168582 0.3089080459770115 0.2756226053639847
0 0.19962284482758622 0.6640325670498084 0.18013649425287356 0.32806513409961685
0 0.10928520114942529 0.5183189655172413 0.21857040229885058 0.3369252873563218
0 0.15975215517241378 0.912595785440613 0.11153017241379311 0.171455938697318
0 0.7819683908045977 0.9254070881226054 0.43462643678160917 0.14439655172413793
0 0.4948814655172414 0.49461206896551724 0.2052801724137931 0.3560823754789272
0 0.6004849137931034 0.03556034482758621 0.11117097701149425 0.07016283524904214
