0 0.2413793103448276 0.2567049808429119 0.22054597701149425 0.5110153256704981
0 0.06321839080459771 0.6710967432950191 0.12284482758620689 0.3249521072796935
0 0.04463002873563218 0.8818247126436781 0.08746408045977011 0.1439176245210728
0 0.23868534482758622 0.8929597701149425 0.30603448275862066 0.20833333333333334
0 0.4878771551724138 0.8254310344827587 0.21497844827586207 0.34626436781609193
0 0.890625 0.8527298850574713 0.2130028735632184 0.2916666666666667
0 0.6544540229885057 0.61147030651341 0.4324712643678161 0.26556513409961685
0 0.7845725574712644 0.38817049808429116 0.4046336206896552 0.37691570881226055
0 0.8507543103448276 0.3007662835249042 0.29669540229885055 0.33860153256704983
0 0.8512033045977011 0.14319923371647508 0.2957974137931034 0.26915708812260536
0 0.6618175287356322 0.10225095785440613 0.3563218390804598 0.2021072796934866
0 0.45123922413793105 0.09985632183908046 0.21210488505747127 0.19731800766283525
0 0.14834770114942528 0.5203544061302682 0.2948994252873563 0.6187739463601533
