0 0.5410380747126436 0.1788793103448276 0.16217672413793102 0.23706896551724138
0 0.5457974137931034 0.061661877394636015 0.3250718390804598 0.12140804597701149
0 0.8679058908045977 0.32579022988505746 0.26275143678160917 0.20090996168582376
0 0.8477011494252874 0.48647030651340994 0.3031609195402299 0.24449233716475097
0 0.6249102011494253 0.29609674329501917 0.14780890804597702 0.3915229885057471
0 0.8049568965517241 0.1665469348659004 0.22988505747126436 0.3350095785440613
0 0.30289152298850575 0.3217193486590038 0.22252155172413793 0.22916666666666666
1 0.39385775862068967 0.5494492337164751 0.29094827586206895 0.31202107279693486
0 0.10713002873563218 0.32579022988505746 0.21426005747126436 0.3067528735632184
0 0.1762751436781609 0.5187978927203065 0.18947557471264367 0.3239942528735632
1 0.7132722701149425 0.8989463601532567 0.44486350574712646 0.2006704980842912
0 0.08656609195402298 0.8327346743295019 0.17313218390804597 0.3311781609195402
0 0.48464439655172414 0.40888409961685823 0.17654454022988506 0.39056513409961685
0 0.017780172413793104 0.03735632183908046 0.03556034482758621 0.07662835249042145
