0 0.7057291666666666 0.1584051724137931 0.328125 0.31537356321839083
0 0.4034662356321839 0.17899904214559387 0.2095905172413793 0.3560823754789272
0 0.9395653735632183 0.5495689655172413 0.11871408045977011 0.17097701149425287
0 0.9379489942528736 0.2600574712643678 0.12194683908045977 0.5172413793103449
0 0.21551724137931033 0.3056752873563218 0.2607758620689655 0.5385536398467433
0 0.1698096264367816 0.6357758620689655 0.26382902298850575 0.23132183908045978
0 0.12616738505747127 0.21024904214559387 0.2508979885057471 0.42049808429118773
0 0.650323275862069 0.1671455938697318 0.3333333333333333 0.3328544061302682
0 0.8506645114942529 0.6344588122605364 0.25017959770114945 0.3603927203065134
0 0.5436422413793104 0.5264607279693486 0.37535919540229884 0.4063697318007663
0 0.3635057471264368 0.4978448275862069 0.2579022988505747 0.29022988505747127
0 0.6223958333333334 0.959889846743295 0.10614224137931035 0.07878352490421456
0 0.5630387931034483 0.7783764367816092 0.3078304597701149 0.31202107279693486
0 0.2785560344827586 0.8866139846743295 0.20294540229885058 0.11949233716475095
0 0.3217492816091954 0.7458093869731801 0.40032327586206895 0.3306992337164751
0 0.4677622126436782 0.8949952107279694 0.2279094827586207 0.2100095785440613
0 0.07552083333333333 0.8656609195402298 0.15211925287356323 0.2662835249042146
0 0.8561422413793104 0.8814655172413793 0.2859195402298851 0.23467432950191572
0 0.953753591954023 0.733955938697318 0.08961925287356322 0.1417624521072797
0 0.14744971264367815 0.975933908045977 0.07794540229885058 0.0414272030651341
