0 0.058010057471264365 0.21036877394636017 0.11278735632183907 0.42313218390804597
0 0.38775143678160917 0.12152777777777778 0.4755747126436782 0.2406609195402299
0 0.8336027298850575 0.1961206896551724 0.33135775862068967 0.35919540229885055
0 0.7025862068965517 0.10272988505747127 0.21875 0.1968390804597701
0 0.11135057471264367 0.44025383141762453 0.21623563218390804 0.2904693486590038
0 0.10524425287356322 0.7931034482758621 0.21048850574712644 0.4109195402298851
0 0.305316091954023 0.6032088122605364 0.16989942528735633 0.22988505747126436
0 0.5314295977011494 0.3485392720306513 0.3024425287356322 0.24401340996168583
0 0.2937320402298851 0.4424090038314176 0.30908764367816094 0.4408524904214559
0 0.8566810344827587 0.9008620689655172 0.17564655172413793 0.1910919540229885
0 0.5675287356321839 0.6655890804597702 0.24533045977011494 0.516044061302682
0 0.5334949712643678 0.634698275862069 0.33638649425287354 0.3900862068965517
0 0.20420258620689655 0.18773946360153257 0.3538074712643678 0.27825670498084293
0 0.12428160919540229 0.03975095785440613 0.13757183908045978 0.08189655172413793
0 0.9026580459770115 0.037595785440613025 0.1882183908045977 0.07519157088122605
0 0.5808189655172413 0.6279932950191571 0.43570402298850575 0.24401340996168583
0 0.42007902298850575 0.9727011494252874 0.06609195402298851 0.05220306513409962
