0 0.9039152298850575 0.9080459770114943 0.1903735632183908 0.18199233716475097
0 0.9730603448275862 0.6877394636015326 0.052083333333333336 0.19444444444444445
0 0.6968390804597702 0.8926005747126436 0.3017241379310345 0.2128831417624521
0 0.4475574712643678 0.3807471264367816 0.3620689655172414 0.2835249042145594
0 0.6582255747126436 0.1708572796934866 0.3936781609195402 0.34410919540229884
0 0.9373204022988506 0.025981800766283526 0.12176724137931035 0.05435823754789272
0 0.4089439655172414 0.2891522988505747 0.20330459770114942 0.5557950191570882
0 0.5379849137931034 0.5280172413793104 0.3166307471264368 0.4789272030651341
1 0.6332614942528736 0.6859434865900383 0.2859195402298851 0.5620210727969349
0 0.15786637931034483 0.6230842911877394 0.31573275862068967 0.29022988505747127
0 0.07058189655172414 0.23024425287356323 0.13936781609195403 0.30196360153256707
0 0.05334051724137931 0.8845785440613027 0.10488505747126436 0.2289272030651341
0 0.8467133620689655 0.14224137931034483 0.304058908045977 0.28448275862068967
0 0.2182112068965517 0.8092672413793104 0.4339080459770115 0.2765804597701149
