0 0.45761494252873564 0.5595067049808429 0.14906609195402298 0.21767241379310345
0 0.5601652298850575 0.6940852490421456 0.24173850574712644 0.1649904214559387
0 0.5650143678160919 0.8351293103448276 0.2948994252873563 0.2100095785440613
0 0.23024425287356323 0.7763409961685823 0.12607758620689655 0.1503831417624521
0 0.23311781609195403 0.8866139846743295 0.29094827586206895 0.1649904214559387
0 0.33620689655172414 0.9427681992337165 0.2600574712643678 0.11063218390804598
0 0.5157147988505747 0.9080459770114943 0.20456178160919541 0.1772030651340996
0 0.13541666666666666 0.7755028735632183 0.2708333333333333 0.32303639846743293
0 0.10425646551724138 0.9465996168582376 0.20743534482758622 0.10296934865900383
0 0.8897270114942529 0.17420977011494254 0.21695402298850575 0.3436302681992337
0 0.8290229885057471 0.4143917624521073 0.3311781609195402 0.40205938697318006
0 0.507183908045977 0.803639846743295 0.14834770114942528 0.37691570881226055
0 0.2192887931034483 0.34638409961685823 0.3757183908045977 0.21048850574712644
0 0.35820761494252873 0.7434147509578544 0.17798132183908047 0.4796455938697318
0 0.5870150862068966 0.008261494252873564 0.04184626436781609 0.014128352490421455
0 0.0668103448275862 0.2025862068965517 0.1336206896551724 0.15229885057471265
0 0.6187140804597702 0.47641283524904215 0.1569683908045977 0.4418103448275862
0 0.6533764367816092 0.5117337164750958 0.3771551724137931 0.2514367816091954
0 0.6461925287356322 0.20797413793103448 0.14475574712643677 0.4130747126436782
0 0.6998024425287356 0.15900383141762453 0.335308908045977 0.22844827586206898
