0 0.6730423850574713 0.2940613026819923 0.16002155172413793 0.43199233716475094
0 0.609375 0.49018199233716475 0.12104885057471264 0.2998084291187739
0 0.572198275862069 0.7527538314176245 0.09698275862068965 0.4015804597701149
0 0.5002693965517241 0.7842432950191571 0.15499281609195403 0.42432950191570884
0 0.4694683908045977 0.5754310344827587 0.15373563218390804 0.21168582375478928
0 0.4713541666666667 0.5289750957854407 0.14493534482758622 0.3486590038314176
0 0.3292025862068966 0.7686781609195402 0.21479885057471265 0.22509578544061304
0 0.36072198275862066 0.9300766283524904 0.15930316091954022 0.13457854406130268
0 0.18058548850574713 0.8641044061302682 0.2059985632183908 0.2665229885057471
0 0.05639367816091954 0.9031369731800766 0.10883620689655173 0.18654214559386972
0 0.3644935344827586 0.6415229885057471 0.13667385057471265 0.22940613026819923
0 0.30432830459770116 0.3603927203065134 0.18767959770114942 0.3596743295019157
0 0.24039152298850575 0.44731800766283525 0.0824353448275862 0.07471264367816093
0 0.13739224137931033 0.32387452107279696 0.1903735632183908 0.383860153256705
0 0.028376436781609195 0.13242337164750959 0.05531609195402299 0.2629310344827586
0 0.06869612068965517 0.4642001915708812 0.13595545977011494 0.13673371647509577
0 0.04885057471264368 0.3369252873563218 0.09375 0.1613984674329502
0 0.13110632183908047 0.49485153256704983 0.06932471264367816 0.05387931034482758
0 0.21964798850574713 0.10380747126436782 0.27155172413793105 0.2042624521072797
0 0.07561063218390805 0.051364942528735635 0.14619252873563218 0.10081417624521073
0 0.4269037356321839 0.39068486590038315 0.10021551724137931 0.14774904214559387
0 0.3805675287356322 0.226772030651341 0.17277298850574713 0.23515325670498086
0 0.41846264367816094 0.14619252873563218 0.14870689655172414 0.2871168582375479
0 0.5390625 0.09746168582375479 0.21857040229885058 0.1882183908045977
0 0.546875 0.24952107279693486 0.16379310344827586 0.3074712643678161
0 0.725933908045977 0.16762452107279693 0.19791666666666666 0.23946360153256704
0 0.8260596264367817 0.3700909961685824 0.23186063218390804 0.24113984674329503
0 0.8651221264367817 0.11805555555555555 0.2683189655172414 0.23275862068965517
0 0.8736530172413793 0.20701628352490423 0.15319683908045978 0.07303639846743296
0 0.9480064655172413 0.23946360153256704 0.10003591954022989 0.04693486590038314
0 0.9515086206896551 0.3680555555555556 0.09446839080459771 0.257183908045977
0 0.8150143678160919 0.7796934865900383 0.36853448275862066 0.23371647509578544
0 0.8210308908045977 0.6506226053639846 0.3428520114942529 0.37547892720306514
0 0.9770114942528736 0.7262931034482759 0.04346264367816092 0.22078544061302682
0 0.9880567528735632 0.5909961685823755 0.02137212643678161 0.09482758620689655
0 0.7646372126436781 0.47389846743295017 0.12302442528735633 0.10919540229885058
0 0.6911817528735632 0.9116379310344828 0.20168821839080459 0.16810344827586207
0 0.889367816091954 0.9406130268199234 0.21731321839080459 0.11350574712643678
0 0.6008441091954023 0.9145114942528736 0.1567887931034483 0.1671455938697318
