0 0.028017241379310345 0.9706657088122606 0.054238505747126436 0.05387931034482758
0 0.3116020114942529 0.8970306513409961 0.2151580459770115 0.20114942528735633
0 0.7880747126436781 0.8787116858237548 0.1497844827586207 0.24018199233716475
0 0.915948275862069 0.9215756704980843 0.16451149425287356 0.15205938697318008
1 0.6428699712643678 0.8296216475095786 0.453125 0.33836206896551724
0 0.18238146551724138 0.5281369731800766 0.36117097701149425 0.3603927203065134
0 0.04552801724137931 0.12739463601532566 0.09105603448275862 0.2547892720306513
1 0.24398347701149425 0.1752873563218391 0.4879669540229885 0.3505747126436782
1 0.42052801724137934 0.37320402298850575 0.4254669540229885 0.3077107279693487
1 0.5344827586206896 0.5906369731800766 0.3171695402298851 0.5490900383141762
1 0.7716415229885057 0.5233477011494253 0.45492097701149425 0.34315134099616856
