0 0.10470545977011494 0.9612068965517241 0.10560344827586207 0.07279693486590039
0 0.15140086206896552 0.6619971264367817 0.17959770114942528 0.3613505747126437
0 0.3041487068965517 0.813338122605364 0.2649066091954023 0.35225095785440613
0 0.3899066091954023 0.4512691570881226 0.17600574712643677 0.30148467432950193
1 0.4063397988505747 0.2297653256704981 0.29400143678160917 0.24401340996168583
0 0.5180495689655172 0.5804597701149425 0.17510775862068967 0.34626436781609193
0 0.4014008620689655 0.8972701149425287 0.24281609195402298 0.19588122605363983
0 0.6610991379310345 0.6761254789272031 0.07040229885057471 0.17840038314176246
0 0.5875538793103449 0.6976772030651341 0.1434985632183908 0.2406609195402299
0 0.5514547413793104 0.9553400383141762 0.2843031609195402 0.08931992337164751
0 0.9110991379310345 0.7534722222222222 0.15660919540229884 0.30052681992337166
0 0.7618534482758621 0.8996647509578544 0.20330459770114942 0.2006704980842912
0 0.9238505747126436 0.9195402298850575 0.1505028735632184 0.15613026819923373
0 0.7992995689655172 0.6830699233716475 0.26598419540229884 0.27705938697318006
0 0.5752514367816092 0.850933908045977 0.31429597701149425 0.2114463601532567
0 0.9414511494252874 0.4664750957854406 0.10991379310344827 0.4190613026819923
0 0.38604525862068967 0.4941331417624521 0.1399066091954023 0.39200191570881227
