0 0.13137571839080459 0.2222222222222222 0.26275143678160917 0.4444444444444444
0 0.21866020114942528 0.46910919540229884 0.2961566091954023 0.27729885057471265
1 0.4445941091954023 0.4171455938697318 0.2372485632183908 0.6882183908045977
0 0.5111350574712644 0.8988266283524904 0.14583333333333334 0.20043103448275862
0 0.6420617816091954 0.9080459770114943 0.13469827586206898 0.18199233716475097
0 0.5584590517241379 0.7478448275862069 0.15499281609195403 0.23275862068965517
0 0.7065373563218391 0.6648706896551724 0.16522988505747127 0.12140804597701149
0 0.8807471264367817 0.6548132183908046 0.23670977011494254 0.5893199233716475
0 0.9735093390804598 0.8578783524904214 0.05118534482758621 0.2823275862068966
0 0.7762212643678161 0.8078304597701149 0.39727011494252873 0.3800287356321839
