0 0.9075969827586207 0.08668582375478927 0.18301005747126436 0.17097701149425287
0 0.6540948275862069 0.25383141762452105 0.47629310344827586 0.28735632183908044
0 0.6987248563218391 0.25622605363984674 0.24407327586206898 0.5124521072796935
0 0.6703484195402298 0.6406848659003831 0.31375718390804597 0.5040708812260536
0 0.3343211206896552 0.4329501915708812 0.23401580459770116 0.41522988505747127
0 0.06806752873563218 0.46228448275862066 0.13613505747126436 0.4341475095785441
0 0.11637931034482758 0.2435344827586207 0.23275862068965517 0.4870689655172414
0 0.32992097701149425 0.16594827586206898 0.3168103448275862 0.3333333333333333
0 0.31205100574712646 0.061901340996168584 0.29040948275862066 0.12476053639846743
0 0.1214978448275862 0.743654214559387 0.2429956896551724 0.5064655172413793
0 0.3238146551724138 0.7741858237547893 0.41594827586206895 0.3817049808429119
