0 0.054328304597701146 0.9577346743295019 0.10865660919540229 0.08261494252873564
0 0.40382543103448276 0.8109434865900383 0.1840876436781609 0.3761973180076628
0 0.5563936781609196 0.6345785440613027 0.3369252873563218 0.3055555555555556
0 0.5273886494252874 0.946360153256705 0.09716235632183907 0.1053639846743295
0 0.2803520114942529 0.1701388888888889 0.19755747126436782 0.3402777777777778
0 0.2587104885057471 0.19887452107279693 0.28573994252873564 0.2828065134099617
0 0.4124461206896552 0.40074233716475094 0.28933189655172414 0.2717911877394636
0 0.39888649425287354 0.29825191570881227 0.16343390804597702 0.43366858237547895
1 0.5386135057471264 0.2353927203065134 0.1752873563218391 0.46599616858237547
0 0.6769935344827587 0.28148946360153254 0.1284123563218391 0.2325191570881226
0 0.2911278735632184 0.014367816091954023 0.04489942528735632 0.028735632183908046
