0 0.22135416666666666 0.04346264367816092 0.18480603448275862 0.0763888888888889
0 0.16666666666666666 0.16834291187739464 0.3358477011494253 0.2638888888888889
1 0.4188218390804598 0.17792145593869732 0.17708333333333334 0.35584291187739464
0 0.9304058908045977 0.20055076628352492 0.13667385057471265 0.3939176245210728
0 0.9420797413793104 0.8463840996168582 0.11332614942528736 0.30387931034482757
0 0.05603448275862069 0.8690134099616859 0.11458333333333333 0.25526819923371646
0 0.06384698275862069 0.6127873563218391 0.13020833333333334 0.4027777777777778
0 0.08728448275862069 0.8506944444444444 0.17456896551724138 0.2952586206896552
0 0.21551724137931033 0.4644396551724138 0.26436781609195403 0.28663793103448276
0 0.4141522988505747 0.41235632183908044 0.17708333333333334 0.22413793103448276
0 0.5504669540229885 0.3184865900383142 0.13541666666666666 0.38026819923371646
0 0.7754130747126436 0.3680555555555556 0.33997844827586204 0.4410919540229885
0 0.717492816091954 0.5391522988505747 0.3983477011494253 0.31776819923371646
0 0.23769755747126436 0.8811063218390804 0.1654094827586207 0.2310823754789272
0 0.4425287356321839 0.7885536398467433 0.22270114942528735 0.36973180076628354
0 0.7323994252873564 0.7699952107279694 0.36853448275862066 0.23443486590038315
0 0.492816091954023 0.8697318007662835 0.27478448275862066 0.25
0 0.2741558908045977 0.7387452107279694 0.29040948275862066 0.20306513409961685
0 0.585308908045977 0.9548611111111112 0.2514367816091954 0.08692528735632184
