1 0.28448275862068967 0.16008141762452108 0.2640086206896552 0.3148946360153257
0 0.7548491379310345 0.1613984674329502 0.38685344827586204 0.32088122605363983
0 0.8582076149425287 0.4477969348659004 0.28358477011494254 0.4166666666666667
0 0.4385775862068966 0.7482040229885057 0.29238505747126436 0.38050766283524906
1 0.2703843390804598 0.6062021072796935 0.35542385057471265 0.2157567049808429
0 0.13173491379310345 0.7859195402298851 0.2620330459770115 0.24616858237547892
0 0.059895833333333336 0.9531848659003831 0.11727729885057471 0.09171455938697318
0 0.04005028735632184 0.6487068965517241 0.07866379310344827 0.09243295019157088
0 0.20572916666666666 0.5415469348659003 0.3547054597701149 0.22437739463601533
0 0.3339619252873563 0.3684147509578544 0.2785560344827586 0.17217432950191572
0 0.07821479885057471 0.26712164750957856 0.15247844827586207 0.1932471264367816
0 0.11970186781609195 0.12272509578544061 0.2293462643678161 0.2435344827586207
0 0.4772808908045977 0.04789272030651341 0.07992097701149425 0.09386973180076628
0 0.6332614942528736 0.05507662835249042 0.23706896551724138 0.1082375478927203
