0 0.8936781609195402 0.22533524904214558 0.21084770114942528 0.4482758620689655
0 0.7047413793103449 0.23275862068965517 0.2413793103448276 0.4631226053639847
0 0.7887931034482759 0.018558429118773947 0.16056034482758622 0.032327586206896554
1 0.6841774425287356 0.546455938697318 0.44198994252873564 0.2672413793103448
0 0.15463362068965517 0.5701628352490421 0.27586206896551724 0.45689655172413796
0 0.16989942528735633 0.42528735632183906 0.2471264367816092 0.585727969348659
0 0.17124640804597702 0.13805076628352492 0.17367097701149425 0.27610153256704983
0 0.2734375 0.08297413793103449 0.1661278735632184 0.16834291187739464
0 0.38397988505747127 0.04274425287356322 0.09554597701149425 0.08309386973180076
0 0.5079022988505747 0.02418582375478927 0.1781609195402299 0.04837164750957854
0 0.5363685344827587 0.8262691570881227 0.23473419540229884 0.34075670498084293
1 0.3666487068965517 0.6932471264367817 0.22000718390804597 0.6101532567049809
0 0.5237068965517241 0.30064655172413796 0.1867816091954023 0.38338122605363983
0 0.05037715517241379 0.725933908045977 0.09716235632183907 0.4432471264367816
