0 0.7371587643678161 0.8639846743295019 0.21785201149425287 0.27011494252873564
0 0.9158584770114943 0.8904454022988506 0.16648706896551724 0.2152777777777778
1 0.8603627873563219 0.6269157088122606 0.2792744252873563 0.30268199233716475
0 0.5689655172413793 0.7065373563218391 0.23958333333333334 0.5629789272030651
1 0.6951329022988506 0.319683908045977 0.3895474137931034 0.41044061302681994
0 0.7763110632183908 0.26795977011494254 0.3331537356321839 0.5359195402298851
0 0.43776939655172414 0.49233716475095785 0.25664511494252873 0.4956896551724138
0 0.20860272988505746 0.6257183908045977 0.41540948275862066 0.3453065134099617
0 0.24982040229885058 0.29442049808429116 0.4978448275862069 0.34650383141762453
0 0.13918821839080459 0.13457854406130268 0.2765804597701149 0.26915708812260536
0 0.29355244252873564 0.18283045977011494 0.2322198275862069 0.3656609195402299
