0 0.15921336206896552 0.7935823754789272 0.31842672413793105 0.30699233716475094
0 0.14673132183908047 0.8975095785440613 0.2916666666666667 0.20306513409961685
0 0.3295617816091954 0.592073754789272 0.24892241379310345 0.6357758620689655
0 0.48051364942528735 0.7037835249042146 0.45025143678160917 0.29837164750957856
0 0.5663613505747126 0.3057950191570881 0.3863146551724138 0.3342911877394636
1 0.5951867816091954 0.07543103448275862 0.2916666666666667 0.1460727969348659
0 0.21731321839080459 0.11135057471264367 0.43462643678160917 0.22030651340996169
0 0.08171695402298851 0.4462404214559387 0.16343390804597702 0.3900862068965517
0 0.037176724137931036 0.2741858237547893 0.06860632183908046 0.15469348659003831
0 0.8598239942528736 0.14080459770114942 0.2785560344827586 0.27729885057471265
0 0.7404813218390804 0.07243773946360153 0.14583333333333334 0.1424808429118774
0 0.6170079022988506 0.866139846743295 0.4552801724137931 0.2624521072796935
0 0.47781968390804597 0.2355124521072797 0.4042744252873563 0.2511973180076628
