1 0.5622306034482759 0.6968390804597702 0.27173132183908044 0.4861111111111111
0 0.46327227011494254 0.20629789272030652 0.4631824712643678 0.3077107279693487
0 0.27056393678160917 0.048012452107279696 0.27173132183908044 0.09363026819923372
0 0.39295977011494254 0.7703544061302682 0.16882183908045978 0.4549808429118774
0 0.06986350574712644 0.34782088122605365 0.13469827586206898 0.18941570881226052
0 0.03600933908045977 0.10368773946360153 0.06519396551724138 0.2049808429118774
0 0.07866379310344827 0.19504310344827586 0.1555316091954023 0.22294061302681992
0 0.8310883620689655 0.6779214559386973 0.33459051724137934 0.25862068965517243
0 0.7287176724137931 0.8623084291187739 0.20492097701149425 0.2686781609195402
0 0.24703663793103448 0.9359434865900383 0.26167385057471265 0.12140804597701149
0 0.47485632183908044 0.3773946360153257 0.3879310344827586 0.25526819923371646
0 0.5054777298850575 0.6977969348659003 0.20492097701149425 0.5507662835249042
0 0.19899425287356323 0.8706896551724138 0.2273706896551724 0.24760536398467434
0 0.18857758620689655 0.39571360153256707 0.3117816091954023 0.2607758620689655
0 0.28933189655172414 0.4315134099616858 0.19899425287356323 0.5574712643678161
0 0.08863146551724138 0.5274185823754789 0.1740301724137931 0.17169540229885058
