0 0.7042923850574713 0.8238745210727969 0.13451867816091953 0.3503352490421456
0 0.34913793103448276 0.6760057471264368 0.41594827586206895 0.43342911877394635
0 0.44656968390804597 0.742816091954023 0.24515086206896552 0.5
0 0.5528915229885057 0.9285201149425287 0.21066810344827586 0.13864942528735633
0 0.1314655172413793 0.6115900383141762 0.22198275862068967 0.6240421455938697
1 0.35560344827586204 0.46120689655172414 0.25251436781609193 0.34051724137931033
0 0.21129669540229884 0.19312739463601533 0.40391522988505746 0.38625478927203066
0 0.45025143678160917 0.22784961685823754 0.24604885057471265 0.44947318007662834
0 0.3025323275862069 0.07507183908045977 0.10111350574712644 0.14487547892720307
0 0.8216594827586207 0.33991858237547895 0.1968390804597701 0.3057950191570881
0 0.8602729885057471 0.1962404214559387 0.2776580459770115 0.39487547892720304
0 0.569683908045977 0.13182471264367815 0.22557471264367815 0.26125478927203066
0 0.06357758620689655 0.8715277777777778 0.1271551724137931 0.25263409961685823
0 0.5385237068965517 0.3336925287356322 0.10757902298850575 0.258860153256705
0 0.7024066091954023 0.04394157088122606 0.05100574712643678 0.08788314176245211
0 0.6239224137931034 0.3679358237547893 0.21982758620689655 0.5222701149425287
