0 0.19639008620689655 0.9445641762452107 0.11979166666666667 0.10895593869731801
0 0.3291127873563218 0.9248084291187739 0.17726293103448276 0.14846743295019157
0 0.5469647988505747 0.9043342911877394 0.3769755747126437 0.18941570881226052
0 0.8792205459770115 0.9792863984674329 0.23581178160919541 0.037116858237547894
0 0.983746408045977 0.9545019157088123 0.028915229885057472 0.08189655172413793
0 0.8472521551724138 0.6449952107279694 0.3036997126436782 0.49257662835249044
1 0.7328484195402298 0.5547174329501916 0.36907327586206895 0.46048850574712646
0 0.39188218390804597 0.5014367816091954 0.2413793103448276 0.5967432950191571
0 0.759069683908046 0.1925287356321839 0.4800646551724138 0.3850574712643678
1 0.5288254310344828 0.6115900383141762 0.3723060344827586 0.492816091954023
1 0.36072198275862066 0.5545977011494253 0.4484554597701149 0.34913793103448276
