0 0.8721264367816092 0.1476293103448276 0.25395114942528735 0.2928639846743295
0 0.7692169540229885 0.359794061302682 0.4558189655172414 0.3101053639846743
0 0.7659841954022989 0.672294061302682 0.24461206896551724 0.5083812260536399
0 0.7144396551724138 0.7168342911877394 0.30136494252873564 0.3125
0 0.7808908045977011 0.8776340996168582 0.20007183908045978 0.2418582375478927
0 0.9460308908045977 0.6945641762452107 0.10219109195402298 0.32016283524904215
0 0.9335488505747126 0.9116379310344828 0.13110632183908047 0.17385057471264367
0 0.5008979885057471 0.7306034482758621 0.2130028735632184 0.5359195402298851
0 0.3883800287356322 0.4954501915708812 0.22431752873563218 0.6412835249042146
0 0.38604525862068967 0.1780411877394636 0.5152658045977011 0.32112068965517243
0 0.3679058908045977 0.0421455938697318 0.20563936781609196 0.08189655172413793
