0 0.390625 0.1184147509578544 0.46875 0.2368295019157088
1 0.49470186781609193 0.578544061302682 0.27316810344827586 0.48563218390804597
0 0.7692169540229885 0.553639846743295 0.3545258620689655 0.24760536398467434
0 0.6531070402298851 0.8047174329501916 0.18839798850574713 0.38817049808429116
0 0.4406429597701149 0.5792624521072797 0.20635775862068967 0.5440613026819924
0 0.33611709770114945 0.6964798850574713 0.1812140804597701 0.5308908045977011
0 0.39825790229885055 0.25538793103448276 0.4053520114942529 0.27514367816091956
0 0.13344109195402298 0.26544540229885055 0.26688218390804597 0.27849616858237547
0 0.021461925287356323 0.17313218390804597 0.04112787356321839 0.12021072796934866
0 0.03214798850574713 0.07854406130268199 0.0625 0.15469348659003831
0 0.05450790229885057 0.4244492337164751 0.10183189655172414 0.07974137931034483
0 0.12365301724137931 0.7887931034482759 0.24551005747126436 0.296455938697318
0 0.15939295977011494 0.8809865900383141 0.31698994252873564 0.23563218390804597
0 0.21875 0.3018438697318008 0.20725574712643677 0.6012931034482759
