0 0.44971264367816094 0.8486590038314177 0.27945402298850575 0.3007662835249042
0 0.12446120689655173 0.7893917624521073 0.24892241379310345 0.3091475095785441
0 0.5386135057471264 0.2665229885057471 0.4608477011494253 0.3989463601532567
0 0.3616199712643678 0.6361350574712644 0.2577227011494253 0.41451149425287354
0 0.759698275862069 0.4631226053639847 0.48060344827586204 0.45162835249042144
0 0.7282686781609196 0.27370689655172414 0.37104885057471265 0.31992337164750956
0 0.8638649425287356 0.11925287356321838 0.27227011494252873 0.23850574712643677
0 0.6446659482758621 0.08321360153256704 0.1966594827586207 0.16403256704980843
0 0.9820402298850575 0.5156848659003831 0.035919540229885055 0.13050766283524903
0 0.9896731321839081 0.7625718390804598 0.018857758620689655 0.05866858237547893
