0 0.09294181034482758 0.10739942528735633 0.1880387931034483 0.20905172413793102
0 0.22611350574712644 0.04082854406130268 0.09554597701149425 0.07878352490421456
0 0.16433189655172414 0.2822078544061303 0.32435344827586204 0.2406609195402299
0 0.17079741379310345 0.49976053639846746 0.20402298850574713 0.27490421455938696
0 0.3389008620689655 0.6824712643678161 0.18785919540229884 0.4425287356321839
0 0.3792205459770115 0.41738505747126436 0.171875 0.2849616858237548
0 0.48608117816091956 0.6150622605363985 0.1427801724137931 0.4111590038314176
0 0.6407147988505747 0.6279932950191571 0.2286278735632184 0.2765804597701149
0 0.5955459770114943 0.9087643678160919 0.22665229885057472 0.17911877394636017
0 0.8866738505747126 0.15026340996168583 0.2244971264367816 0.22341954022988506
0 0.8657507183908046 0.32219827586206895 0.2598778735632184 0.22629310344827586
0 0.9484554597701149 0.45893199233716475 0.10093390804597702 0.24209770114942528
0 0.8232758620689655 0.8650622605363985 0.34913793103448276 0.2636494252873563
0 0.7669719827586207 0.8900862068965517 0.2577227011494253 0.2164750957854406
0 0.8061242816091954 0.6337404214559387 0.18157327586206898 0.42552681992337166
0 0.6540948275862069 0.3716475095785441 0.23850574712643677 0.3625478927203065
1 0.6713362068965517 0.35153256704980845 0.2492816091954023 0.3022030651340996
0 0.022898706896551723 0.6513409961685823 0.04328304597701149 0.08381226053639847
