0 0.23688936781609196 0.19372605363984674 0.24245689655172414 0.16283524904214558
0 0.28726652298850575 0.640205938697318 0.1973778735632184 0.2689176245210728
0 0.2781968390804598 0.8763170498084292 0.23994252873563218 0.21336206896551724
0 0.6789691091954023 0.4086446360153257 0.2922054597701149 0.2545498084291188
0 0.4489942528735632 0.25766283524904215 0.18318965517241378 0.2988505747126437
0 0.6873204022988506 0.15804597701149425 0.15948275862068967 0.3160919540229885
0 0.7027658045977011 0.5978208812260536 0.1903735632183908 0.2521551724137931
0 0.4167564655172414 0.6752873563218391 0.265625 0.22844827586206898
0 0.22261135057471265 0.3576388888888889 0.22000718390804597 0.24592911877394635
0 0.05334051724137931 0.2662835249042146 0.10560344827586207 0.3366858237547893
0 0.17079741379310345 0.4227729885057471 0.2406609195402299 0.19133141762452108
0 0.3041487068965517 0.08022030651340996 0.28933189655172414 0.15900383141762453
0 0.10847701149425287 0.5571120689655172 0.12104885057471264 0.29238505747126436
0 0.30809985632183906 0.5720785440613027 0.258441091954023 0.16522988505747127
0 0.7795438218390804 0.874161877394636 0.21102729885057472 0.2464080459770115
0 0.8713182471264368 0.17193486590038315 0.2548491379310345 0.22988505747126436
0 0.896551724137931 0.4643199233716475 0.20581896551724138 0.23802681992337166
0 0.8995150862068966 0.4766522988505747 0.1973778735632184 0.2703544061302682
0 0.9255567528735632 0.774904214559387 0.1463721264367816 0.32471264367816094
0 0.45025143678160917 0.9449233716475096 0.18785919540229884 0.1068007662835249
0 0.03852370689655173 0.6828304597701149 0.07345545977011494 0.15493295019157088
0 0.03259698275862069 0.5192768199233716 0.06267959770114942 0.16738505747126436
0 0.4198994252873563 0.06525383141762452 0.23886494252873564 0.1257183908045977
0 0.4644396551724138 0.12140804597701149 0.04669540229885057 0.07040229885057471
0 0.7101293103448276 0.9749760536398467 0.059267241379310345 0.04669540229885057
0 0.9294181034482759 0.9416906130268199 0.13757183908045978 0.11470306513409961
0 0.3625179597701149 0.33273467432950193 0.17007902298850575 0.2325191570881226
0 0.2916666666666667 0.9420498084291188 0.1540948275862069 0.11063218390804598
