0 0.3769755747126437 0.3939176245210728 0.24173850574712644 0.171455938697318
0 0.2516163793103448 0.2217432950191571 0.21408045977011494 0.26484674329501917
0 0.5323275862068966 0.9559386973180076 0.14331896551724138 0.08764367816091954
0 0.41998922413793105 0.08465038314176246 0.2947198275862069 0.16594827586206898
0 0.25754310344827586 0.6429597701149425 0.2636494252873563 0.1700191570881226
0 0.2130926724137931 0.34099616858237547 0.23186063218390804 0.21408045977011494
0 0.20545977011494254 0.5090996168582376 0.2543103448275862 0.17863984674329503
0 0.5094288793103449 0.6931273946360154 0.21641522988505746 0.21671455938697318
0 0.6416127873563219 0.615301724137931 0.12984913793103448 0.3785919540229885
0 0.8370150862068966 0.5445402298850575 0.24766522988505746 0.2543103448275862
0 0.9119971264367817 0.8065134099616859 0.1724137931034483 0.38026819923371646
0 0.31591235632183906 0.915948275862069 0.11386494252873564 0.16283524904214558
0 0.45285560344827586 0.8303400383141762 0.12913074712643677 0.2521551724137931
0 0.5959949712643678 0.9057710727969349 0.14170258620689655 0.18654214559386972
0 0.7258441091954023 0.7559865900383141 0.16433189655172414 0.21886973180076627
0 0.724676724137931 0.7896312260536399 0.13218390804597702 0.36518199233716475
0 0.8568606321839081 0.6816331417624522 0.12140804597701149 0.1903735632183908
0 0.25960847701149425 0.05567528735632184 0.16002155172413793 0.10991379310344827
0 0.1128771551724138 0.9025383141762452 0.22467672413793102 0.19444444444444445
0 0.1235632183908046 0.7817289272030651 0.1867816091954023 0.1439176245210728
0 0.3485093390804598 0.6970785440613027 0.16469109195402298 0.32231800766283525
0 0.7462284482758621 0.37775383141762453 0.17780172413793102 0.3081896551724138
0 0.9143318965517241 0.2872365900383142 0.16774425287356323 0.28520114942528735
0 0.7272808908045977 0.08381226053639847 0.22288074712643677 0.164272030651341
0 0.9190912356321839 0.05531609195402299 0.16181752873563218 0.10727969348659004
0 0.19764727011494254 0.5587883141762452 0.17007902298850575 0.10416666666666667
0 0.26436781609195403 0.7903496168582376 0.17420977011494254 0.24976053639846743
0 0.20743534482758622 0.9251676245210728 0.1411637931034483 0.14152298850574713
