0 0.5774066091954023 0.4551005747126437 0.12895114942528735 0.34889846743295017
0 0.7064475574712644 0.7210249042145593 0.36476293103448276 0.41618773946360155
0 0.7761314655172413 0.5835727969348659 0.2922054597701149 0.5110153256704981
1 0.48473419540229884 0.2569444444444444 0.23132183908045978 0.3381226053639847
0 0.21866020114942528 0.4931752873563218 0.29938936781609193 0.22916666666666666
0 0.19647988505747127 0.1788793103448276 0.38685344827586204 0.31417624521072796
0 0.2287176724137931 0.7679597701149425 0.2839439655172414 0.24329501915708812
0 0.39179238505747127 0.853448275862069 0.27209051724137934 0.28975095785440613
0 0.14969468390804597 0.891044061302682 0.1661278735632184 0.21839080459770116
0 0.06375718390804598 0.7897509578544061 0.12320402298850575 0.16618773946360152
0 0.05522629310344827 0.5747126436781609 0.11045258620689655 0.3864942528735632
0 0.9410919540229885 0.4467193486590038 0.11350574712643678 0.4724616858237548
0 0.8583872126436781 0.10225095785440613 0.2699353448275862 0.20450191570881227
0 0.29238505747126436 0.08740421455938698 0.21120689655172414 0.17097701149425287
0 0.42223419540229884 0.49173850574712646 0.19791666666666666 0.19468390804597702
0 0.45483117816091956 0.9300766283524904 0.25125718390804597 0.13840996168582376
0 0.02819683908045977 0.8949952107279694 0.05028735632183908 0.1649904214559387
0 0.6846264367816092 0.08057950191570881 0.28089080459770116 0.1592432950191571
0 0.657507183908046 0.899904214559387 0.3010057471264368 0.19875478927203066
