0 0.7495510057471264 0.03579980842911877 0.12589798850574713 0.07303639846743296
0 0.6238326149425287 0.09841954022988506 0.2760416666666667 0.1968390804597701
0 0.5181393678160919 0.22952586206896552 0.28987068965517243 0.25311302681992337
0 0.27298850574712646 0.0980603448275862 0.28448275862068967 0.19755747126436782
0 0.2734375 0.2222222222222222 0.3417744252873563 0.20977011494252873
0 0.11090158045977011 0.053041187739463605 0.22072557471264367 0.10608237547892721
0 0.04067887931034483 0.2274904214559387 0.0824353448275862 0.3117816091954023
0 0.022898706896551723 0.49018199233716475 0.046875 0.08524904214559387
0 0.025323275862068964 0.5987787356321839 0.04956896551724138 0.09794061302681992
0 0.7188397988505747 0.4069683908045977 0.2645474137931034 0.4106800766283525
1 0.24317528735632185 0.7459291187739464 0.3983477011494253 0.30699233716475094
