0 0.17537715517241378 0.14703065134099616 0.2781968390804598 0.28639846743295017
0 0.07767600574712644 0.5271791187739464 0.15355603448275862 0.29765325670498083
0 0.6236530172413793 0.5835727969348659 0.38415948275862066 0.2988505747126437
0 0.8823635057471264 0.6939655172413793 0.23168103448275862 0.5517241379310345
0 0.7055495689655172 0.24437260536398467 0.19989224137931033 0.491139846743295
0 0.8655711206896551 0.18917624521072796 0.2670617816091954 0.3759578544061303
0 0.9288793103448276 0.2573036398467433 0.14044540229885058 0.44037356321839083
0 0.3358477011494253 0.24748563218390804 0.13757183908045978 0.4949712643678161
1 0.4404633620689655 0.3125 0.22611350574712644 0.6226053639846744
0 0.06465517241379311 0.1141044061302682 0.12751436781609196 0.22341954022988506
0 0.6553520114942529 0.795617816091954 0.2762212643678161 0.40301724137931033
