0 0.5730962643678161 0.296455938697318 0.22880747126436782 0.5134099616858238
1 0.42376077586206895 0.44396551724137934 0.2372485632183908 0.6795977011494253
0 0.6167385057471264 0.6481082375478927 0.19899425287356323 0.2765804597701149
0 0.5367277298850575 0.7963362068965517 0.19917385057471265 0.40445402298850575
0 0.7209051724137931 0.7509578544061303 0.23814655172413793 0.4899425287356322
0 0.8804777298850575 0.7212643678160919 0.23545258620689655 0.5493295019157088
0 0.9572557471264368 0.6555316091954023 0.08189655172413793 0.30627394636015326
0 0.9041846264367817 0.17612547892720307 0.1880387931034483 0.35225095785440613
0 0.7725395114942529 0.029693486590038315 0.0752514367816092 0.05699233716475096
0 0.5920438218390804 0.04837164750957854 0.22970545977011494 0.09674329501915709
