0 0.5466056034482759 0.027418582375478926 0.2372485632183908 0.05723180076628352
0 0.49919181034482757 0.6278735632183908 0.3468031609195402 0.4746168582375479
0 0.1341594827586207 0.4513888888888889 0.22988505747126436 0.38936781609195403
0 0.47638290229885055 0.5603448275862069 0.3956537356321839 0.414272030651341
0 0.5636673850574713 0.19444444444444445 0.36763649425287354 0.38697318007662834
0 0.748114224137931 0.7738266283524904 0.26275143678160917 0.4489942528735632
0 0.028735632183908046 0.6744492337164751 0.05747126436781609 0.4964080459770115
0 0.13020833333333334 0.7158764367816092 0.2557471264367816 0.5648946360153256
0 0.24685704022988506 0.7921455938697318 0.15391522988505746 0.414272030651341
0 0.3956537356321839 0.9500718390804598 0.23239942528735633 0.09506704980842912
