0 0.9410919540229885 0.9267241379310345 0.11422413793103449 0.13745210727969348
1 0.2724497126436782 0.6108716475095786 0.22557471264367815 0.6202107279693486
0 0.09051724137931035 0.3923611111111111 0.17923850574712644 0.41594827586206895
0 0.1499640804597701 0.8170498084291188 0.22198275862068967 0.36159003831417624
0 0.03017241379310345 0.9804837164750958 0.058548850574712645 0.032327586206896554
1 0.422503591954023 0.6252394636015326 0.3083692528735632 0.46551724137931033
0 0.5723778735632183 0.8937978927203065 0.4522270114942529 0.21048850574712644
0 0.7785560344827587 0.6412835249042146 0.4410919540229885 0.25526819923371646
0 0.7458692528735632 0.4122365900383142 0.5064655172413793 0.2871168582375479
0 0.8301005747126436 0.14547413793103448 0.3380028735632184 0.2861590038314176
0 0.5626795977011494 0.30639367816091956 0.5089798850574713 0.27370689655172414
0 0.47315014367816094 0.1597222222222222 0.4150502873563218 0.3170498084291188
1 0.4489044540229885 0.1387691570881226 0.49299568965517243 0.26987547892720304
0 0.0412176724137931 0.577705938697318 0.0752514367816092 0.11853448275862069
