0 0.10883620689655173 0.23132183908045978 0.2158764367816092 0.4578544061302682
0 0.6111709770114943 0.6586446360153256 0.2252155172413793 0.4614463601532567
0 0.6632543103448276 0.38697318007662834 0.35704022988505746 0.6273946360153256
0 0.8493175287356322 0.6461925287356322 0.2568247126436782 0.29765325670498083
0 0.38882902298850575 0.7386254789272031 0.47270114942528735 0.4475574712643678
0 0.850305316091954 0.8595545977011494 0.2957974137931034 0.27801724137931033
0 0.39394755747126436 0.9401340996168582 0.38775143678160917 0.11398467432950192
0 0.9186422413793104 0.21396072796934865 0.1591235632183908 0.42313218390804597
0 0.9781788793103449 0.45893199233716475 0.04005028735632184 0.22341954022988506
0 0.6716954022988506 0.030411877394636015 0.09303160919540229 0.06321839080459771
