0 0.12984913793103448 0.07746647509578544 0.25610632183908044 0.15493295019157088
0 0.7385955459770115 0.4521072796934866 0.24551005747126436 0.1772030651340996
0 0.5177801724137931 0.5955459770114943 0.23311781609195403 0.14128352490421456
1 0.3666487068965517 0.19169061302681992 0.32417385057471265 0.22198275862068967
0 0.33782327586206895 0.8262691570881227 0.3473419540229885 0.24113984674329503
0 0.34348060344827586 0.603448275862069 0.21641522988505746 0.2883141762452107
0 0.7889727011494253 0.20342432950191572 0.22629310344827586 0.405411877394636
0 0.7119252873563219 0.554477969348659 0.1612787356321839 0.41977969348659006
0 0.552801724137931 0.5373563218390804 0.22701149425287356 0.39990421455938696
0 0.8882902298850575 0.5642959770114943 0.2223419540229885 0.21479885057471265
0 0.7937320402298851 0.7097701149425287 0.13523706896551724 0.10919540229885058
0 0.5891702586206896 0.782088122605364 0.27388649425287354 0.2442528735632184
0 0.4745869252873563 0.6757662835249042 0.23293821839080459 0.13266283524904215
0 0.43507543103448276 0.9325909961685823 0.27388649425287354 0.13290229885057472
0 0.6330818965517241 0.3212404214559387 0.20510057471264367 0.2521551724137931
0 0.09339080459770115 0.20079022988505746 0.1867816091954023 0.398227969348659
0 0.8758081896551724 0.038314176245210725 0.10721982758620689 0.07183908045977011
0 0.9546515804597702 0.08381226053639847 0.08459051724137931 0.164272030651341
0 0.11916307471264367 0.8425526819923371 0.23832614942528735 0.31297892720306514
0 0.1263469827586207 0.9112787356321839 0.2465876436781609 0.17552681992337166
