0 0.2691271551724138 0.16463122605363983 0.2868175287356322 0.21192528735632185
0 0.2443426724137931 0.2019875478927203 0.13631465517241378 0.29765325670498083
0 0.15517241379310345 0.12320402298850575 0.3081896551724138 0.2435344827586207
0 0.11925287356321838 0.4003831417624521 0.23635057471264367 0.282088122605364
0 0.8609015804597702 0.0494492337164751 0.10219109195402298 0.0988984674329502
0 0.8931393678160919 0.36590038314176243 0.2094109195402299 0.17049808429118773
0 0.8823635057471264 0.48192049808429116 0.2309626436781609 0.21048850574712644
0 0.9699173850574713 0.5943486590038314 0.058010057471264365 0.16618773946360152
0 0.18148347701149425 0.5506465517241379 0.3608117816091954 0.23922413793103448
0 0.05262212643678161 0.95102969348659 0.10524425287356322 0.09458812260536398
0 0.22288074712643677 0.7555076628352491 0.19647988505747127 0.3194444444444444
0 0.42268318965517243 0.6315852490421456 0.17079741379310345 0.2607758620689655
0 0.3969109195402299 0.835727969348659 0.19863505747126436 0.32231800766283525
0 0.5387033045977011 0.7934626436781609 0.14493534482758622 0.40684865900383144
0 0.6842672413793104 0.5506465517241379 0.21264367816091953 0.36518199233716475
1 0.7062679597701149 0.5256226053639846 0.2868175287356322 0.2835249042145594
0 0.7061781609195402 0.8192049808429118 0.2180316091954023 0.32950191570881227
0 0.8899066091954023 0.788433908045977 0.2180316091954023 0.4169061302681992
