0 0.4775502873563218 0.64272030651341 0.06896551724137931 0.1997126436781609
0 0.5716594827586207 0.6857040229885057 0.25179597701149425 0.17025862068965517
0 0.7385057471264368 0.6948036398467433 0.1810344827586207 0.1764846743295019
0 0.8819145114942529 0.7659243295019157 0.1370330459770115 0.12763409961685823
0 0.9517780172413793 0.7818486590038314 0.09285201149425287 0.125
0 0.8019037356321839 0.5864463601532567 0.24533045977011494 0.18007662835249041
0 0.8892780172413793 0.6108716475095786 0.21785201149425287 0.24377394636015326
0 0.9761135057471264 0.3712883141762452 0.04418103448275862 0.07830459770114942
0 0.6535560344827587 0.8824233716475096 0.15445402298850575 0.22557471264367815
0 0.5859375 0.9430076628352491 0.30226293103448276 0.1068007662835249
0 0.40669899425287354 0.9276819923371648 0.12410201149425287 0.12978927203065135
0 0.3303699712643678 0.9558189655172413 0.030352011494252873 0.07590996168582376
0 0.8529992816091954 0.8879310344827587 0.28861350574712646 0.2217432950191571
0 0.4880567528735632 0.8431513409961686 0.2609554597701149 0.21551724137931033
0 0.6672952586206896 0.2775383141762452 0.1783405172413793 0.3568007662835249
0 0.7430854885057471 0.2535919540229885 0.2785560344827586 0.2940613026819923
0 0.8377334770114943 0.08022030651340996 0.21605603448275862 0.1556513409961686
0 0.5763290229885057 0.09375 0.17456896551724138 0.18271072796934865
0 0.5299030172413793 0.2567049808429119 0.09464798850574713 0.28544061302681994
0 0.43615301724137934 0.4699473180076628 0.12589798850574713 0.273227969348659
0 0.6512212643678161 0.5453783524904214 0.19216954022988506 0.1788793103448276
0 0.5574712643678161 0.45893199233716475 0.12966954022988506 0.27801724137931033
0 0.05100574712643678 0.7211446360153256 0.10201149425287356 0.10416666666666667
0 0.09375 0.5648946360153256 0.1839080459770115 0.20833333333333334
0 0.022988505747126436 0.3162116858237548 0.04418103448275862 0.07112068965517242
0 0.3303699712643678 0.30699233716475094 0.09644396551724138 0.28304597701149425
0 0.4360632183908046 0.23347701149425287 0.1810344827586207 0.32950191570881227
0 0.23760775862068967 0.6035680076628352 0.3171695402298851 0.2143199233716475
0 0.2628412356321839 0.29346264367816094 0.14529454022988506 0.2535919540229885
0 0.234375 0.44001436781609193 0.3656609195402299 0.17409003831417624
0 0.12957974137931033 0.1961206896551724 0.21318247126436782 0.3922413793103448
0 0.9858117816091954 0.8971503831417624 0.02478448275862069 0.07351532567049808
