0 0.3358477011494253 0.26113505747126436 0.38110632183908044 0.44659961685823757
0 0.3171695402298851 0.5999760536398467 0.4267241379310345 0.2607758620689655
0 0.7059985632183908 0.5050287356321839 0.3911637931034483 0.3587164750957854
0 0.6588541666666666 0.866139846743295 0.24586925287356323 0.23706896551724138
0 0.6807650862068966 0.959889846743295 0.09788074712643678 0.07495210727969348
0 0.5485811781609196 0.7966954022988506 0.3478807471264368 0.39846743295019155
0 0.39089439655172414 0.8310584291187739 0.2257543103448276 0.33740421455938696
0 0.8591954022988506 0.7966954022988506 0.2769396551724138 0.39990421455938696
0 0.9712643678160919 0.720426245210728 0.05387931034482758 0.24113984674329503
0 0.5551364942528736 0.960727969348659 0.07758620689655173 0.07519157088122605
0 0.22674209770114942 0.9507902298850575 0.09321120689655173 0.09315134099616858
