0 0.7530531609195402 0.7920258620689655 0.2521551724137931 0.4130747126436782
0 0.7702945402298851 0.10919540229885058 0.3218390804597701 0.20593869731800765
0 0.7730783045977011 0.15193965517241378 0.26598419540229884 0.29909003831417624
0 0.5529813218390804 0.15744731800766285 0.19432471264367815 0.3101053639846743
0 0.9721623563218391 0.7807710727969349 0.052083333333333336 0.4106800766283525
0 0.8102550287356322 0.3633860153256705 0.3758979885057471 0.3623084291187739
1 0.37670617816091956 0.4012212643678161 0.4484554597701149 0.2938218390804598
0 0.10371767241379311 0.7423371647509579 0.20563936781609196 0.5124521072796935
0 0.04696479885057471 0.9470785440613027 0.09392959770114942 0.10296934865900383
0 0.02550287356321839 0.8985871647509579 0.04741379310344827 0.13769157088122605
