0 0.40957255747126436 0.5383141762452107 0.2792744252873563 0.4664750957854406
0 0.19261853448275862 0.6369731800766284 0.383441091954023 0.31417624521072796
1 0.6795079022988506 0.39523467432950193 0.3582974137931034 0.4317528735632184
0 0.5193965517241379 0.7412595785440613 0.2683189655172414 0.5179597701149425
1 0.7636494252873564 0.30387931034482757 0.3566810344827586 0.6077586206896551
0 0.6670258620689655 0.9038553639846744 0.20186781609195403 0.19276819923371646
1 0.8406070402298851 0.7417385057471264 0.31698994252873564 0.30387931034482757
0 0.8767959770114943 0.9324712643678161 0.1961206896551724 0.13122605363984674
0 0.24901221264367815 0.3174090038314176 0.49622844827586204 0.30962643678160917
0 0.3032507183908046 0.1968390804597701 0.23293821839080459 0.3936781609195402
0 0.12275502873563218 0.13625478927203066 0.24551005747126436 0.2725095785440613
0 0.5352909482758621 0.028017241379310345 0.2429956896551724 0.05603448275862069
0 0.9555495689655172 0.9355842911877394 0.08890086206896551 0.12691570881226052
