0 0.15319683908045978 0.06752873563218391 0.27478448275862066 0.13505747126436782
0 0.9498922413793104 0.9359434865900383 0.09841954022988506 0.12619731800766285
0 0.6100933908045977 0.9841954022988506 0.08728448275862069 0.029693486590038315
0 0.4090337643678161 0.9442049808429118 0.12769396551724138 0.1039272030651341
0 0.2600574712643678 0.8864942528735632 0.1968390804597701 0.22030651340996169
0 0.8555136494252874 0.4082854406130268 0.28717672413793105 0.2950191570881226
0 0.591864224137931 0.47844827586206895 0.4800646551724138 0.2835249042145594
0 0.2094109195402299 0.5026340996168582 0.4188218390804598 0.3342911877394636
0 0.4438757183908046 0.789272030651341 0.4197198275862069 0.25383141762452105
1 0.7107579022988506 0.18438697318007663 0.5766882183908046 0.34913793103448276
1 0.6401760057471264 0.7015086206896551 0.4078663793103448 0.20474137931034483
0 0.5127514367816092 0.9523467432950191 0.09123563218390805 0.09339080459770115
0 0.9001436781609196 0.3912835249042146 0.19863505747126436 0.3113026819923372
